#STEPS          TOT_EN          EN_INTER        EN_TC           EN_INTRA(B)     EN_INTRA(NB)    EN_ELECT        EN_REAL         EN_RECIP        TOTAL_VIR       PRESSURE        TOT_MOL         TOT_DENS        HEAT_VAP        
100000           -4.15478631e+03  6.97726901e+02 -4.88469842e+03  3.21852099e+01  0.00000000e+00  0.00000000e+00  0.00000000e+00  0.00000000e+00 -2.93026062e+04  1.25157677e+01  3.77947779e+03  1.93918024e+01  2.12653656e+00
200000           -2.77369055e+03  2.05903415e+03 -4.83503104e+03  2.30633743e+00  0.00000000e+00  0.00000000e+00  0.00000000e+00  0.00000000e+00 -2.90104584e+04  1.24526759e+01  3.76022148e+03  1.92930018e+01  2.25586935e+00
300000           -7.20593488e+03 -2.33408058e+03 -4.87201351e+03  1.59211413e-01  0.00000000e+00  0.00000000e+00  0.00000000e+00  0.00000000e+00 -2.92275259e+04  1.24997310e+01  3.77458203e+03  1.93666832e+01  2.20972198e+00
400000           -1.81207904e+04 -1.32344633e+04 -4.88633974e+03  1.27085660e-02  0.00000000e+00  0.00000000e+00  0.00000000e+00  0.00000000e+00 -2.93114314e+04  1.25177868e+01  3.78009328e+03  1.93949604e+01  2.16167283e+00
500000           -6.13026443e+03 -1.21716085e+03 -4.91310358e+03  7.56037910e-12  0.00000000e+00  0.00000000e+00  0.00000000e+00  0.00000000e+00 -2.94740328e+04  1.25516994e+01  3.79045163e+03  1.94481071e+01  2.17548076e+00
600000            5.85485757e+03  1.07352922e+04 -4.88043462e+03  7.56037876e-12  0.00000000e+00  0.00000000e+00  0.00000000e+00  0.00000000e+00 -2.92819495e+04  1.25102818e+01  3.77781014e+03  1.93832460e+01  2.25823551e+00
700000            2.80034949e+03  7.69452932e+03 -4.89417982e+03  7.56037843e-12  0.00000000e+00  0.00000000e+00  0.00000000e+00  0.00000000e+00 -2.93597346e+04  1.25276987e+01  3.78312191e+03  1.94104997e+01  2.23116209e+00
800000           -9.26432947e+03 -4.31501412e+03 -4.94931535e+03  7.56037810e-12  0.00000000e+00  0.00000000e+00  0.00000000e+00  0.00000000e+00 -2.96937275e+04  1.25973767e+01  3.80440442e+03  1.95196963e+01  2.16021426e+00
900000           -7.52455708e+03 -2.62576564e+03 -4.89879144e+03  7.56037777e-12  0.00000000e+00  0.00000000e+00  0.00000000e+00  0.00000000e+00 -2.93915785e+04  1.25335401e+01  3.78491154e+03  1.94196820e+01  2.24636537e+00
1000000           4.75789304e+03  9.58334571e+03 -4.82545267e+03  7.56037743e-12  0.00000000e+00  0.00000000e+00  0.00000000e+00  0.00000000e+00 -2.89492550e+04  1.24404497e+01  3.75648342e+03  1.92738225e+01  2.39495406e+00
1100000           1.06715844e+03  5.86390510e+03 -4.79674666e+03  7.56037708e-12  0.00000000e+00  0.00000000e+00  0.00000000e+00  0.00000000e+00 -2.87761179e+04  1.24038684e+01  3.74531314e+03  1.92165099e+01  2.40522228e+00
1200000          -8.58601513e+03 -3.75554167e+03 -4.83047346e+03  7.56037674e-12  0.00000000e+00  0.00000000e+00  0.00000000e+00  0.00000000e+00 -2.89790348e+04  1.24468090e+01  3.75842482e+03  1.92837835e+01  2.33591241e+00
1300000           1.44219763e+04  1.91865947e+04 -4.76461847e+03  7.56037640e-12  0.00000000e+00  0.00000000e+00  0.00000000e+00  0.00000000e+00 -2.85861538e+04  1.23626738e+01  3.73274123e+03  1.91520057e+01  2.44781935e+00
1400000           4.48073602e+03  9.35228568e+03 -4.87154966e+03  7.56037606e-12  0.00000000e+00  0.00000000e+00  0.00000000e+00  0.00000000e+00 -2.92156277e+04  1.24987833e+01  3.77428219e+03  1.93651447e+01  2.30695040e+00
1500000          -1.99639360e+04 -1.50415727e+04 -4.92236326e+03  7.56037572e-12  0.00000000e+00  0.00000000e+00  0.00000000e+00  0.00000000e+00 -2.95339388e+04  1.25634040e+01  3.79403206e+03  1.94664777e+01  2.18185230e+00
1600000          -1.69684712e+04 -1.20804597e+04 -4.88801153e+03  7.56037539e-12  0.00000000e+00  0.00000000e+00  0.00000000e+00  0.00000000e+00 -2.93263232e+04  1.25199806e+01  3.78076954e+03  1.93984301e+01  2.25592489e+00
1700000          -2.12041079e+04 -1.63491504e+04 -4.85495748e+03  7.56037504e-12  0.00000000e+00  0.00000000e+00  0.00000000e+00  0.00000000e+00 -2.91302208e+04  1.24780126e+01  3.76795796e+03  1.93326963e+01  2.27297723e+00
1800000          -2.13641477e+04 -1.65156989e+04 -4.84844880e+03  7.56037472e-12  0.00000000e+00  0.00000000e+00  0.00000000e+00  0.00000000e+00 -2.90851990e+04  1.24697734e+01  3.76543357e+03  1.93197441e+01  2.29725652e+00
1900000          -1.89204103e+04 -1.40893505e+04 -4.83105979e+03  7.56037439e-12  0.00000000e+00  0.00000000e+00  0.00000000e+00  0.00000000e+00 -2.89818559e+04  1.24475803e+01  3.75865919e+03  1.92849860e+01  2.31217523e+00
2000000          -2.14010453e+04 -1.65014356e+04 -4.89960972e+03  7.56037406e-12  0.00000000e+00  0.00000000e+00  0.00000000e+00  0.00000000e+00 -2.93906949e+04  1.25344989e+01  3.78519665e+03  1.94211448e+01  2.21148228e+00
2100000          -3.09722862e+04 -2.60684064e+04 -4.90387981e+03  7.56037373e-12  0.00000000e+00  0.00000000e+00  0.00000000e+00  0.00000000e+00 -2.94157270e+04  1.25400603e+01  3.78689302e+03  1.94298486e+01  2.16933864e+00
2200000          -1.66260457e+04 -1.17227928e+04 -4.90325298e+03  7.56037340e-12  0.00000000e+00  0.00000000e+00  0.00000000e+00  0.00000000e+00 -2.94166088e+04  1.25392553e+01  3.78665385e+03  1.94286214e+01  2.20967040e+00
2300000          -1.76851236e+04 -1.27849112e+04 -4.90021232e+03  7.56037306e-12  0.00000000e+00  0.00000000e+00  0.00000000e+00  0.00000000e+00 -2.94008073e+04  1.25354207e+01  3.78548626e+03  1.94226307e+01  2.22533212e+00
2400000          -1.45950665e+04 -9.75134077e+03 -4.84372576e+03  7.56037273e-12  0.00000000e+00  0.00000000e+00  0.00000000e+00  0.00000000e+00 -2.90583342e+04  1.24637578e+01  3.76359894e+03  1.93103309e+01  2.28138388e+00
2500000          -1.73376727e+04 -1.25171406e+04 -4.82053209e+03  7.56037239e-12  0.00000000e+00  0.00000000e+00  0.00000000e+00  0.00000000e+00 -2.89203760e+04  1.24341511e+01  3.75456143e+03  1.92639612e+01  2.32024242e+00
2600000          -1.60518125e+04 -1.12462534e+04 -4.80555909e+03  7.56037205e-12  0.00000000e+00  0.00000000e+00  0.00000000e+00  0.00000000e+00 -2.88324118e+04  1.24149388e+01  3.74869905e+03  1.92338824e+01  2.35758032e+00
2700000          -1.46852907e+04 -1.00316041e+04 -4.65368655e+03  7.56037172e-12  0.00000000e+00  0.00000000e+00  0.00000000e+00  0.00000000e+00 -2.79210926e+04  1.22194345e+01  3.68902051e+03  1.89276828e+01  2.51866397e+00
2800000          -2.30128133e+03  2.41442697e+03 -4.71570829e+03  7.56037140e-12  0.00000000e+00  0.00000000e+00  0.00000000e+00  0.00000000e+00 -2.82909155e+04  1.22997189e+01  3.71352145e+03  1.90533926e+01  2.48126570e+00
2900000           1.45345522e+02  4.92184029e+03 -4.77649477e+03  7.56037105e-12  0.00000000e+00  0.00000000e+00  0.00000000e+00  0.00000000e+00 -2.86556122e+04  1.23779395e+01  3.73739872e+03  1.91759025e+01  2.41066301e+00
3000000          -1.66363690e+04 -1.18586295e+04 -4.77773949e+03  7.56037070e-12  0.00000000e+00  0.00000000e+00  0.00000000e+00  0.00000000e+00 -2.86623435e+04  1.23795080e+01  3.73787671e+03  1.91783549e+01  2.37819811e+00
3100000          -5.97621753e+03 -1.22076304e+03 -4.75545450e+03  7.56037036e-12  0.00000000e+00  0.00000000e+00  0.00000000e+00  0.00000000e+00 -2.85307907e+04  1.23509015e+01  3.72914698e+03  1.91335643e+01  2.45425891e+00
3200000           1.00487066e+04  1.47251828e+04 -4.67647615e+03  7.56037001e-12  0.00000000e+00  0.00000000e+00  0.00000000e+00  0.00000000e+00 -2.80565521e+04  1.22490060e+01  3.69804399e+03  1.89739806e+01  2.58545631e+00
3300000           5.16996919e+03  9.75316937e+03 -4.58320018e+03  7.56036966e-12  0.00000000e+00  0.00000000e+00  0.00000000e+00  0.00000000e+00 -2.74975798e+04  1.21274938e+01  3.66096237e+03  1.87837217e+01  2.67353247e+00
3400000           6.73328025e+03  1.13708811e+04 -4.63760086e+03  7.56036933e-12  0.00000000e+00  0.00000000e+00  0.00000000e+00  0.00000000e+00 -2.78172089e+04  1.21985333e+01  3.68263121e+03  1.88949005e+01  2.59472395e+00
3500000          -1.05492838e+03  3.64529517e+03 -4.70022354e+03  7.56036898e-12  0.00000000e+00  0.00000000e+00  0.00000000e+00  0.00000000e+00 -2.81975480e+04  1.22797681e+01  3.70743084e+03  1.90221428e+01  2.50650145e+00
3600000          -5.24070540e+03 -5.19898411e+02 -4.72080699e+03  7.56036863e-12  0.00000000e+00  0.00000000e+00  0.00000000e+00  0.00000000e+00 -2.83218500e+04  1.23063563e+01  3.71554754e+03  1.90637881e+01  2.50059373e+00
3700000           3.92115490e+02  5.09555744e+03 -4.70344195e+03  7.56036827e-12  0.00000000e+00  0.00000000e+00  0.00000000e+00  0.00000000e+00 -2.82201490e+04  1.22839272e+01  3.70870499e+03  1.90286802e+01  2.51858849e+00
3800000          -3.29892208e+02  4.39791683e+03 -4.72780904e+03  7.56036793e-12  0.00000000e+00  0.00000000e+00  0.00000000e+00  0.00000000e+00 -2.83618011e+04  1.23153934e+01  3.71830306e+03  1.90779262e+01  2.48126642e+00
3900000           4.16166789e+02  5.11407752e+03 -4.69791073e+03  7.56036758e-12  0.00000000e+00  0.00000000e+00  0.00000000e+00  0.00000000e+00 -2.81900124e+04  1.22767016e+01  3.70650435e+03  1.90173892e+01  2.52945059e+00
4000000          -5.15920205e+03 -4.45592627e+02 -4.71360942e+03  7.56036725e-12  0.00000000e+00  0.00000000e+00  0.00000000e+00  0.00000000e+00 -2.82759021e+04  1.22970397e+01  3.71270005e+03  1.90491781e+01  2.48742670e+00
4100000          -1.00648321e+04 -5.28656569e+03 -4.77826643e+03  7.56036691e-12  0.00000000e+00  0.00000000e+00  0.00000000e+00  0.00000000e+00 -2.86627868e+04  1.23801671e+01  3.73807419e+03  1.91793682e+01  2.41220670e+00
4200000          -9.64674044e+03 -4.87446218e+03 -4.77227826e+03  7.56036655e-12  0.00000000e+00  0.00000000e+00  0.00000000e+00  0.00000000e+00 -2.86307733e+04  1.23724986e+01  3.73573860e+03  1.91673847e+01  2.40175749e+00
4300000          -1.37500550e+04 -8.94309782e+03 -4.80695716e+03  7.56036621e-12  0.00000000e+00  0.00000000e+00  0.00000000e+00  0.00000000e+00 -2.88341367e+04  1.24168874e+01  3.74928348e+03  1.92368810e+01  2.36473952e+00
4400000          -2.01686503e+04 -1.53870694e+04 -4.78158092e+03  7.56036586e-12  0.00000000e+00  0.00000000e+00  0.00000000e+00  0.00000000e+00 -2.86871471e+04  1.23843628e+01  3.73936171e+03  1.91859742e+01  2.36652296e+00
4500000          -1.82381907e+04 -1.34808023e+04 -4.75738838e+03  7.56036554e-12  0.00000000e+00  0.00000000e+00  0.00000000e+00  0.00000000e+00 -2.85383405e+04  1.23534275e+01  3.72991209e+03  1.91374899e+01  2.38289926e+00
4600000          -1.88374169e+04 -1.40672465e+04 -4.77017038e+03  7.56036520e-12  0.00000000e+00  0.00000000e+00  0.00000000e+00  0.00000000e+00 -2.86158175e+04  1.23698266e+01  3.73491945e+03  1.91631818e+01  2.36174064e+00
4700000          -1.25361792e+04 -7.74888296e+03 -4.78729621e+03  7.56036487e-12  0.00000000e+00  0.00000000e+00  0.00000000e+00  0.00000000e+00 -2.87209532e+04  1.23917425e+01  3.74161358e+03  1.91975281e+01  2.36779439e+00
4800000          -5.80404242e+03 -1.02273589e+03 -4.78130654e+03  7.56036454e-12  0.00000000e+00  0.00000000e+00  0.00000000e+00  0.00000000e+00 -2.86791337e+04  1.23841187e+01  3.73927751e+03  1.91855422e+01  2.40240988e+00
4900000          -8.08469809e+03 -3.25309839e+03 -4.83159969e+03  7.56036420e-12  0.00000000e+00  0.00000000e+00  0.00000000e+00  0.00000000e+00 -2.89848437e+04  1.24483623e+01  3.75889695e+03  1.92862059e+01  2.33558101e+00
5000000          -1.33954531e+04 -8.55609188e+03 -4.83936127e+03  7.56036386e-12  0.00000000e+00  0.00000000e+00  0.00000000e+00  0.00000000e+00 -2.90339745e+04  1.24581878e+01  3.76190094e+03  1.93016188e+01  2.31749572e+00
5100000          -1.05939058e+04 -5.78641974e+03 -4.80748606e+03  7.56036353e-12  0.00000000e+00  0.00000000e+00  0.00000000e+00  0.00000000e+00 -2.88400598e+04  1.24174308e+01  3.74945414e+03  1.92377566e+01  2.35798780e+00
5200000          -1.54105308e+04 -1.06319980e+04 -4.77853279e+03  7.56036319e-12  0.00000000e+00  0.00000000e+00  0.00000000e+00  0.00000000e+00 -2.86684705e+04  1.23805199e+01  3.73818759e+03  1.91799500e+01  2.38074062e+00
5300000          -5.76033950e+03 -9.74696021e+02 -4.78564348e+03  7.56036286e-12  0.00000000e+00  0.00000000e+00  0.00000000e+00  0.00000000e+00 -2.87072146e+04  1.23896277e+01  3.74096253e+03  1.91941877e+01  2.39949421e+00
5400000          -9.16909828e+03 -4.30308921e+03 -4.86600906e+03  7.56036253e-12  0.00000000e+00  0.00000000e+00  0.00000000e+00  0.00000000e+00 -2.91967853e+04  1.24920023e+01  3.77223029e+03  1.93546168e+01  2.30061645e+00
5500000          -6.88483302e+03 -2.04689804e+03 -4.83793498e+03  7.56036220e-12  0.00000000e+00  0.00000000e+00  0.00000000e+00  0.00000000e+00 -2.90193578e+04  1.24564235e+01  3.76135334e+03  1.92988092e+01  2.33187037e+00
5600000          -1.02598259e+04 -5.48243174e+03 -4.77739416e+03  7.56036187e-12  0.00000000e+00  0.00000000e+00  0.00000000e+00  0.00000000e+00 -2.86607366e+04  1.23790126e+01  3.73772648e+03  1.91775841e+01  2.40983472e+00
5700000          -2.40874448e+04 -1.92943327e+04 -4.79311211e+03  7.56036152e-12  0.00000000e+00  0.00000000e+00  0.00000000e+00  0.00000000e+00 -2.87564324e+04  1.23991812e+01  3.74388539e+03  1.92091844e+01  2.35744965e+00
5800000          -1.91218818e+04 -1.43149098e+04 -4.80697200e+03  7.56036119e-12  0.00000000e+00  0.00000000e+00  0.00000000e+00  0.00000000e+00 -2.88390412e+04  1.24169246e+01  3.74930151e+03  1.92369735e+01  2.35964337e+00
5900000          -1.28290741e+04 -8.03646183e+03 -4.79261223e+03  7.56036084e-12  0.00000000e+00  0.00000000e+00  0.00000000e+00  0.00000000e+00 -2.87495530e+04  1.23985870e+01  3.74369822e+03  1.92082240e+01  2.37932560e+00
6000000          -4.22272767e+03  5.48563302e+02 -4.77129097e+03  7.56036051e-12  0.00000000e+00  0.00000000e+00  0.00000000e+00  0.00000000e+00 -2.86273737e+04  1.23711286e+01  3.73532462e+03  1.91652606e+01  2.42708416e+00
6100000           6.28178632e+03  1.10141799e+04 -4.73239353e+03  7.56036018e-12  0.00000000e+00  0.00000000e+00  0.00000000e+00  0.00000000e+00 -2.83942198e+04  1.23212544e+01  3.72009938e+03  1.90871427e+01  2.49096986e+00
6200000           4.59280527e+02  5.14016361e+03 -4.68088309e+03  7.56035985e-12  0.00000000e+00  0.00000000e+00  0.00000000e+00  0.00000000e+00 -2.80813020e+04  1.22547520e+01  3.69979509e+03  1.89829652e+01  2.54588389e+00
6300000          -1.23422170e+04 -7.59882791e+03 -4.74338908e+03  7.56035951e-12  0.00000000e+00  0.00000000e+00  0.00000000e+00  0.00000000e+00 -2.84570279e+04  1.23354165e+01  3.72441787e+03  1.91093001e+01  2.45231192e+00
6400000          -1.10341856e+04 -6.27503816e+03 -4.75914741e+03  7.56035918e-12  0.00000000e+00  0.00000000e+00  0.00000000e+00  0.00000000e+00 -2.85512956e+04  1.23556848e+01  3.73060457e+03  1.91410429e+01  2.42774845e+00
6500000          -1.30678606e+04 -8.27808885e+03 -4.78977178e+03  7.56035885e-12  0.00000000e+00  0.00000000e+00  0.00000000e+00  0.00000000e+00 -2.87316132e+04  1.23949485e+01  3.74258616e+03  1.92025183e+01  2.38941686e+00
6600000          -1.29878067e+04 -8.20613948e+03 -4.78166722e+03  7.56035852e-12  0.00000000e+00  0.00000000e+00  0.00000000e+00  0.00000000e+00 -2.86903271e+04  1.23845391e+01  3.73941886e+03  1.91862674e+01  2.40369007e+00
6700000          -7.55947504e+03 -2.72407861e+03 -4.83539643e+03  7.56035817e-12  0.00000000e+00  0.00000000e+00  0.00000000e+00  0.00000000e+00 -2.90038270e+04  1.24531494e+01  3.76035354e+03  1.92936794e+01  2.33766807e+00
6800000          -1.02733664e+03  3.75140415e+03 -4.77874080e+03  7.56035783e-12  0.00000000e+00  0.00000000e+00  0.00000000e+00  0.00000000e+00 -2.86708658e+04  1.23807273e+01  3.73825292e+03  1.91802852e+01  2.40711912e+00
6900000          -1.04343240e+04 -5.62708450e+03 -4.80723950e+03  7.56035747e-12  0.00000000e+00  0.00000000e+00  0.00000000e+00  0.00000000e+00 -2.88424372e+04  1.24172540e+01  3.74940469e+03  1.92375029e+01  2.38818891e+00
7000000           1.37911663e+02  4.81920979e+03 -4.68129812e+03  7.56035713e-12  0.00000000e+00  0.00000000e+00  0.00000000e+00  0.00000000e+00 -2.80902987e+04  1.22551865e+01  3.69993757e+03  1.89836962e+01  2.55519960e+00
7100000          -8.04740576e+03 -3.29940397e+03 -4.74800179e+03  7.56035680e-12  0.00000000e+00  0.00000000e+00  0.00000000e+00  0.00000000e+00 -2.84834527e+04  1.23412338e+01  3.72619267e+03  1.91184063e+01  2.43177529e+00
7200000          -6.51497369e+03 -1.77015269e+03 -4.74482100e+03  7.56035646e-12  0.00000000e+00  0.00000000e+00  0.00000000e+00  0.00000000e+00 -2.84648502e+04  1.23372538e+01  3.72497769e+03  1.91121724e+01  2.45969378e+00
7300000          -9.81217329e+03 -5.00364057e+03 -4.80853272e+03  7.56035612e-12  0.00000000e+00  0.00000000e+00  0.00000000e+00  0.00000000e+00 -2.88452418e+04  1.24189217e+01  3.74990673e+03  1.92400787e+01  2.39156516e+00
7400000          -1.03891450e+04 -5.57475310e+03 -4.81439186e+03  7.56035579e-12  0.00000000e+00  0.00000000e+00  0.00000000e+00  0.00000000e+00 -2.88815922e+04  1.24263893e+01  3.75218843e+03  1.92517857e+01  2.38295830e+00
7500000          -1.13667424e+04 -6.53851627e+03 -4.82822611e+03  7.56035546e-12  0.00000000e+00  0.00000000e+00  0.00000000e+00  0.00000000e+00 -2.89653147e+04  1.24440487e+01  3.75758103e+03  1.92794542e+01  2.34002077e+00
7600000          -1.52363649e+04 -1.04594081e+04 -4.77695682e+03  7.56035512e-12  0.00000000e+00  0.00000000e+00  0.00000000e+00  0.00000000e+00 -2.86601080e+04  1.23784796e+01  3.73756639e+03  1.91767627e+01  2.40102982e+00
7700000          -9.92258359e+03 -5.12215999e+03 -4.80042359e+03  7.56035477e-12  0.00000000e+00  0.00000000e+00  0.00000000e+00  0.00000000e+00 -2.87960734e+04  1.24084847e+01  3.74672007e+03  1.92237286e+01  2.38514358e+00
7800000          -1.41901895e+04 -9.34987636e+03 -4.84031313e+03  7.56035443e-12  0.00000000e+00  0.00000000e+00  0.00000000e+00  0.00000000e+00 -2.90381154e+04  1.24594109e+01  3.76227208e+03  1.93035231e+01  2.29827093e+00
7900000          -8.35306593e+03 -3.51806642e+03 -4.83499951e+03  7.56035409e-12  0.00000000e+00  0.00000000e+00  0.00000000e+00  0.00000000e+00 -2.90044958e+04  1.24526836e+01  3.76021537e+03  1.92929705e+01  2.31114992e+00
8000000          -1.43450730e+04 -9.46951884e+03 -4.87555417e+03  7.56035375e-12  0.00000000e+00  0.00000000e+00  0.00000000e+00  0.00000000e+00 -2.92484069e+04  1.25041976e+01  3.77594557e+03  1.93736792e+01  2.24270411e+00
8100000          -1.47137462e+04 -9.84225755e+03 -4.87148860e+03  7.56035342e-12  0.00000000e+00  0.00000000e+00  0.00000000e+00  0.00000000e+00 -2.92279405e+04  1.24990227e+01  3.77437107e+03  1.93656008e+01  2.27296328e+00
8200000          -1.02314327e+04 -5.47783417e+03 -4.75359857e+03  7.56035307e-12  0.00000000e+00  0.00000000e+00  0.00000000e+00  0.00000000e+00 -2.85210873e+04  1.23485256e+01  3.72842365e+03  1.91298530e+01  2.41619258e+00
8300000          -1.33815873e+04 -8.61513293e+03 -4.76645439e+03  7.56035274e-12  0.00000000e+00  0.00000000e+00  0.00000000e+00  0.00000000e+00 -2.85932303e+04  1.23650400e+01  3.73345791e+03  1.91556829e+01  2.41634829e+00
8400000          -6.49816526e+03 -1.69849578e+03 -4.79966948e+03  7.56035240e-12  0.00000000e+00  0.00000000e+00  0.00000000e+00  0.00000000e+00 -2.87983031e+04  1.24075069e+01  3.74643118e+03  1.92222463e+01  2.40088605e+00
8500000          -9.61275513e+03 -4.83493408e+03 -4.77782106e+03  7.56035206e-12  0.00000000e+00  0.00000000e+00  0.00000000e+00  0.00000000e+00 -2.86643897e+04  1.23796280e+01  3.73791544e+03  1.91785537e+01  2.41786872e+00
8600000          -3.74574894e+03  1.05034010e+03 -4.79608903e+03  7.56035172e-12  0.00000000e+00  0.00000000e+00  0.00000000e+00  0.00000000e+00 -2.87724848e+04  1.24029136e+01  3.74502284e+03  1.92150204e+01  2.40478714e+00
8700000          -1.78300392e+04 -1.30351792e+04 -4.79486001e+03  7.56035136e-12  0.00000000e+00  0.00000000e+00  0.00000000e+00  0.00000000e+00 -2.87644514e+04  1.24014561e+01  3.74457617e+03  1.92127286e+01  2.37318213e+00
8800000          -1.50863786e+04 -1.02523555e+04 -4.83402303e+03  7.56035102e-12  0.00000000e+00  0.00000000e+00  0.00000000e+00  0.00000000e+00 -2.90011408e+04  1.24514193e+01  3.75983302e+03  1.92910087e+01  2.32092684e+00
8900000          -1.23193956e+04 -7.45435966e+03 -4.86503596e+03  7.56035067e-12  0.00000000e+00  0.00000000e+00  0.00000000e+00  0.00000000e+00 -2.91870023e+04  1.24908283e+01  3.77186582e+03  1.93527468e+01  2.27215649e+00
9000000          -1.98794742e+03  2.84011583e+03 -4.82806325e+03  7.56035034e-12  0.00000000e+00  0.00000000e+00  0.00000000e+00  0.00000000e+00 -2.89716658e+04  1.24437640e+01  3.75750497e+03  1.92790639e+01  2.37736895e+00
9100000          -1.03377027e+04 -5.53109271e+03 -4.80660994e+03  7.56034999e-12  0.00000000e+00  0.00000000e+00  0.00000000e+00  0.00000000e+00 -2.88351756e+04  1.24164364e+01  3.74915023e+03  1.92361973e+01  2.39074234e+00
9200000          -9.95735883e+03 -5.22634547e+03 -4.73101336e+03  7.56034965e-12  0.00000000e+00  0.00000000e+00  0.00000000e+00  0.00000000e+00 -2.83889057e+04  1.23193197e+01  3.71951403e+03  1.90841394e+01  2.47540226e+00
9300000          -1.15975436e+04 -6.88796408e+03 -4.70957952e+03  7.56034931e-12  0.00000000e+00  0.00000000e+00  0.00000000e+00  0.00000000e+00 -2.82525015e+04  1.22917895e+01  3.71109891e+03  1.90409630e+01  2.50704077e+00
9400000          -1.07451159e+04 -5.97954737e+03 -4.76556857e+03  7.56034898e-12  0.00000000e+00  0.00000000e+00  0.00000000e+00  0.00000000e+00 -2.85842709e+04  1.23637757e+01  3.73306766e+03  1.91536806e+01  2.43738693e+00
9500000          -1.77053847e+04 -1.29509749e+04 -4.75440977e+03  7.56034865e-12  0.00000000e+00  0.00000000e+00  0.00000000e+00  0.00000000e+00 -2.85257170e+04  1.23495577e+01  3.72873847e+03  1.91314683e+01  2.45686485e+00
9600000          -1.18311137e+04 -7.06936718e+03 -4.76174652e+03  7.56034831e-12  0.00000000e+00  0.00000000e+00  0.00000000e+00  0.00000000e+00 -2.85664485e+04  1.23589251e+01  3.73159375e+03  1.91461182e+01  2.42058576e+00
9700000          -3.36761291e+03  1.35738432e+03 -4.72499723e+03  7.56034798e-12  0.00000000e+00  0.00000000e+00  0.00000000e+00  0.00000000e+00 -2.83497425e+04  1.23117140e+01  3.71718710e+03  1.90722004e+01  2.47537232e+00
9800000          -8.50911625e+03 -3.72368701e+03 -4.78542925e+03  7.56034765e-12  0.00000000e+00  0.00000000e+00  0.00000000e+00  0.00000000e+00 -2.87050087e+04  1.23893722e+01  3.74088311e+03  1.91937802e+01  2.39652140e+00
9900000          -1.62029458e+04 -1.13743444e+04 -4.82860143e+03  7.56034733e-12  0.00000000e+00  0.00000000e+00  0.00000000e+00  0.00000000e+00 -2.89633414e+04  1.24443388e+01  3.75766489e+03  1.92798844e+01  2.32092660e+00
10000000         -1.41670250e+04 -9.27994292e+03 -4.88708204e+03  7.56034701e-12  0.00000000e+00  0.00000000e+00  0.00000000e+00  0.00000000e+00 -2.93190678e+04  1.25188037e+01  3.78040778e+03  1.93965740e+01  2.25836834e+00
10100000         -1.14089933e+04 -6.59698987e+03 -4.81200345e+03  7.56034667e-12  0.00000000e+00  0.00000000e+00  0.00000000e+00  0.00000000e+00 -2.88692638e+04  1.24233317e+01  3.75125780e+03  1.92470108e+01  2.36759990e+00
10200000         -5.81278735e+03 -9.86944604e+02 -4.82584275e+03  7.56034632e-12  0.00000000e+00  0.00000000e+00  0.00000000e+00  0.00000000e+00 -2.89522230e+04  1.24410018e+01  3.75665251e+03  1.92746901e+01  2.36273531e+00
10300000         -3.06690615e+03  1.71815900e+03 -4.78506515e+03  7.56034598e-12  0.00000000e+00  0.00000000e+00  0.00000000e+00  0.00000000e+00 -2.87065844e+04  1.23889110e+01  3.74074758e+03  1.91930848e+01  2.38334900e+00
10400000         -1.69856259e+04 -1.21730129e+04 -4.81261301e+03  7.56034565e-12  0.00000000e+00  0.00000000e+00  0.00000000e+00  0.00000000e+00 -2.88695750e+04  1.24240287e+01  3.75146643e+03  1.92480813e+01  2.30596467e+00
10500000         -1.62839530e+04 -1.14141836e+04 -4.86976944e+03  7.56034531e-12  0.00000000e+00  0.00000000e+00  0.00000000e+00  0.00000000e+00 -2.92136816e+04  1.24968659e+01  3.77370676e+03  1.93621923e+01  2.27351689e+00
10600000         -1.86158641e+04 -1.37452747e+04 -4.87058942e+03  7.56034499e-12  0.00000000e+00  0.00000000e+00  0.00000000e+00  0.00000000e+00 -2.92187899e+04  1.24978361e+01  3.77400376e+03  1.93637162e+01  2.26057902e+00
10700000         -2.04394560e+04 -1.55855521e+04 -4.85390385e+03  7.56034464e-12  0.00000000e+00  0.00000000e+00  0.00000000e+00  0.00000000e+00 -2.91201866e+04  1.24766874e+01  3.76754798e+03  1.93305927e+01  2.28621948e+00
10800000         -1.34775724e+04 -8.62876815e+03 -4.84880428e+03  7.56034431e-12  0.00000000e+00  0.00000000e+00  0.00000000e+00  0.00000000e+00 -2.90881401e+04  1.24702228e+01  3.76557194e+03  1.93204540e+01  2.31611052e+00
10900000         -1.14635870e+04 -6.64371008e+03 -4.81987692e+03  7.56034398e-12  0.00000000e+00  0.00000000e+00  0.00000000e+00  0.00000000e+00 -2.89167081e+04  1.24332761e+01  3.75429492e+03  1.92625937e+01  2.38008216e+00
11000000          8.82149391e+02  5.66520006e+03 -4.78305067e+03  7.56034364e-12  0.00000000e+00  0.00000000e+00  0.00000000e+00  0.00000000e+00 -2.86926650e+04  1.23863310e+01  3.73995736e+03  1.91890304e+01  2.43289768e+00
11100000         -1.21634160e+04 -7.34940344e+03 -4.81401258e+03  7.56034331e-12  0.00000000e+00  0.00000000e+00  0.00000000e+00  0.00000000e+00 -2.88807372e+04  1.24258826e+01  3.75203589e+03  1.92510031e+01  2.35523302e+00
11200000         -1.16592839e+04 -6.87427353e+03 -4.78501041e+03  7.56034297e-12  0.00000000e+00  0.00000000e+00  0.00000000e+00  0.00000000e+00 -2.87103363e+04  1.23887051e+01  3.74069138e+03  1.91927965e+01  2.40244589e+00
11300000         -1.25164053e+04 -7.71108447e+03 -4.80532080e+03  7.56034263e-12  0.00000000e+00  0.00000000e+00  0.00000000e+00  0.00000000e+00 -2.88221984e+04  1.24148282e+01  3.74865158e+03  1.92336388e+01  2.37494335e+00
11400000         -1.70078662e+04 -1.22264753e+04 -4.78139099e+03  7.56034228e-12  0.00000000e+00  0.00000000e+00  0.00000000e+00  0.00000000e+00 -2.86863192e+04  1.23841321e+01  3.73929165e+03  1.91856147e+01  2.39883579e+00
11500000         -7.72534440e+03 -3.01418980e+03 -4.71115460e+03  7.56034193e-12  0.00000000e+00  0.00000000e+00  0.00000000e+00  0.00000000e+00 -2.82633901e+04  1.22938975e+01  3.71174390e+03  1.90442723e+01  2.49013193e+00
11600000         -2.51073168e+03  2.16188068e+03 -4.67261236e+03  7.56034160e-12  0.00000000e+00  0.00000000e+00  0.00000000e+00  0.00000000e+00 -2.80329033e+04  1.22439998e+01  3.69651538e+03  1.89661376e+01  2.54281365e+00
11700000         -1.59561825e+03  3.11027902e+03 -4.70589727e+03  7.56034126e-12  0.00000000e+00  0.00000000e+00  0.00000000e+00  0.00000000e+00 -2.82279238e+04  1.22870608e+01  3.70965187e+03  1.90335385e+01  2.49105142e+00
11800000         -3.63320835e+03  1.07974661e+03 -4.71295496e+03  7.56034092e-12  0.00000000e+00  0.00000000e+00  0.00000000e+00  0.00000000e+00 -2.82791389e+04  1.22960467e+01  3.71240804e+03  1.90476799e+01  2.49881056e+00
11900000         -7.35376418e+03 -2.59218473e+03 -4.76157944e+03  7.56034057e-12  0.00000000e+00  0.00000000e+00  0.00000000e+00  0.00000000e+00 -2.85607118e+04  1.23582829e+01  3.73139384e+03  1.91450925e+01  2.43431148e+00
12000000         -2.53625756e+04 -2.05088806e+04 -4.85369505e+03  7.56034024e-12  0.00000000e+00  0.00000000e+00  0.00000000e+00  0.00000000e+00 -2.91204708e+04  1.24763834e+01  3.76745759e+03  1.93301290e+01  2.26348184e+00
12100000         -1.70991551e+04 -1.22111149e+04 -4.88804017e+03  7.56033990e-12  0.00000000e+00  0.00000000e+00  0.00000000e+00  0.00000000e+00 -2.93179852e+04  1.25200176e+01  3.78076882e+03  1.93984264e+01  2.24376696e+00
12200000         -2.59964565e+04 -2.10917872e+04 -4.90466928e+03  7.56033957e-12  0.00000000e+00  0.00000000e+00  0.00000000e+00  0.00000000e+00 -2.94231214e+04  1.25408920e+01  3.78715189e+03  1.94311768e+01  2.18900078e+00
12300000         -2.23327208e+04 -1.74413160e+04 -4.89140484e+03  7.56033924e-12  0.00000000e+00  0.00000000e+00  0.00000000e+00  0.00000000e+00 -2.93428912e+04  1.25242704e+01  3.78207419e+03  1.94051240e+01  2.22980634e+00
12400000         -1.83911745e+04 -1.35466933e+04 -4.84448123e+03  7.56033891e-12  0.00000000e+00  0.00000000e+00  0.00000000e+00  0.00000000e+00 -2.90679865e+04  1.24646433e+01  3.76387706e+03  1.93117579e+01  2.29040961e+00
12500000         -1.26219199e+04 -7.78060585e+03 -4.84131407e+03  7.56033857e-12  0.00000000e+00  0.00000000e+00  0.00000000e+00  0.00000000e+00 -2.90418897e+04  1.24606153e+01  3.76263715e+03  1.93053962e+01  2.31632940e+00
12600000         -1.98253891e+04 -1.50492924e+04 -4.77609669e+03  7.56033823e-12  0.00000000e+00  0.00000000e+00  0.00000000e+00  0.00000000e+00 -2.86596809e+04  1.23773796e+01  3.73723725e+03  1.91750740e+01  2.38161075e+00
12700000         -1.71495679e+04 -1.23092275e+04 -4.84034039e+03  7.56033790e-12  0.00000000e+00  0.00000000e+00  0.00000000e+00  0.00000000e+00 -2.90333726e+04  1.24593959e+01  3.76226092e+03  1.93034658e+01  2.30296860e+00
12800000         -1.26486306e+04 -7.77225596e+03 -4.87637465e+03  7.56033756e-12  0.00000000e+00  0.00000000e+00  0.00000000e+00  0.00000000e+00 -2.92531851e+04  1.25052764e+01  3.77627454e+03  1.93753671e+01  2.28284661e+00
12900000         -1.47125435e+04 -9.84426459e+03 -4.86827887e+03  7.56033722e-12  0.00000000e+00  0.00000000e+00  0.00000000e+00  0.00000000e+00 -2.92039105e+04  1.24949816e+01  3.77313018e+03  1.93592340e+01  2.29094598e+00
13000000         -1.95639420e+04 -1.47321908e+04 -4.83175114e+03  7.56033688e-12  0.00000000e+00  0.00000000e+00  0.00000000e+00  0.00000000e+00 -2.89863985e+04  1.24485130e+01  3.75894417e+03  1.92864482e+01  2.30242388e+00
13100000         -1.79508539e+04 -1.31286678e+04 -4.82218616e+03  7.56033654e-12  0.00000000e+00  0.00000000e+00  0.00000000e+00  0.00000000e+00 -2.89348336e+04  1.24362086e+01  3.75519636e+03  1.92672189e+01  2.31418851e+00
13200000         -2.48275151e+04 -2.00226078e+04 -4.80490738e+03  7.56033620e-12  0.00000000e+00  0.00000000e+00  0.00000000e+00  0.00000000e+00 -2.88269379e+04  1.24142076e+01  3.74847294e+03  1.92327222e+01  2.31494186e+00
13300000         -2.13066088e+04 -1.64577211e+04 -4.84888772e+03  7.56033586e-12  0.00000000e+00  0.00000000e+00  0.00000000e+00  0.00000000e+00 -2.90897831e+04  1.24703053e+01  3.76559889e+03  1.93205923e+01  2.27725029e+00
13400000         -2.29565417e+04 -1.80481842e+04 -4.90835747e+03  7.56033554e-12  0.00000000e+00  0.00000000e+00  0.00000000e+00  0.00000000e+00 -2.94462920e+04  1.25457471e+01  3.78863468e+03  1.94387847e+01  2.19255151e+00
13500000         -7.15865276e+03 -2.30394238e+03 -4.85471038e+03  7.56033521e-12  0.00000000e+00  0.00000000e+00  0.00000000e+00  0.00000000e+00 -2.91286938e+04  1.24776932e+01  3.76786042e+03  1.93321958e+01  2.29454083e+00
13600000         -1.16915062e+04 -6.86212554e+03 -4.82938067e+03  7.56033487e-12  0.00000000e+00  0.00000000e+00  0.00000000e+00  0.00000000e+00 -2.89755444e+04  1.24454909e+01  3.75802621e+03  1.92817383e+01  2.34455200e+00
13700000         -2.11754999e+04 -1.63178082e+04 -4.85769164e+03  7.56033453e-12  0.00000000e+00  0.00000000e+00  0.00000000e+00  0.00000000e+00 -2.91424030e+04  1.24815112e+01  3.76902011e+03  1.93381460e+01  2.26183873e+00
13800000         -2.09276882e+04 -1.60082360e+04 -4.91945218e+03  7.56033420e-12  0.00000000e+00  0.00000000e+00  0.00000000e+00  0.00000000e+00 -2.95109583e+04  1.25597442e+01  3.79290653e+03  1.94607028e+01  2.20272635e+00
13900000         -1.69968557e+04 -1.20742352e+04 -4.92262056e+03  7.56033386e-12  0.00000000e+00  0.00000000e+00  0.00000000e+00  0.00000000e+00 -2.95322082e+04  1.25637489e+01  3.79413265e+03  1.94669938e+01  2.19252914e+00
14000000         -2.25511939e+04 -1.76941928e+04 -4.85700112e+03  7.56033351e-12  0.00000000e+00  0.00000000e+00  0.00000000e+00  0.00000000e+00 -2.91403571e+04  1.24806343e+01  3.76875531e+03  1.93367873e+01  2.25121088e+00
14100000         -2.17218643e+04 -1.67881606e+04 -4.93370378e+03  7.56033318e-12  0.00000000e+00  0.00000000e+00  0.00000000e+00  0.00000000e+00 -2.95961145e+04  1.25776964e+01  3.79838861e+03  1.94888303e+01  2.17903842e+00
14200000         -5.27379571e+03 -4.43581341e+02 -4.83021437e+03  7.56033285e-12  0.00000000e+00  0.00000000e+00  0.00000000e+00  0.00000000e+00 -2.89807370e+04  1.24465000e+01  3.75833495e+03  1.92833224e+01  2.33830427e+00
14300000         -1.75065166e+04 -1.25908914e+04 -4.91562518e+03  7.56033252e-12  0.00000000e+00  0.00000000e+00  0.00000000e+00  0.00000000e+00 -2.94889574e+04  1.25548549e+01  3.79141519e+03  1.94530510e+01  2.19155154e+00
14400000         -1.58342146e+04 -1.09334009e+04 -4.90081375e+03  7.56033218e-12  0.00000000e+00  0.00000000e+00  0.00000000e+00  0.00000000e+00 -2.94008777e+04  1.25361188e+01  3.78569484e+03  1.94237009e+01  2.21467181e+00
14500000         -8.14734828e+03 -3.33605336e+03 -4.81129492e+03  7.56033185e-12  0.00000000e+00  0.00000000e+00  0.00000000e+00  0.00000000e+00 -2.88663014e+04  1.24223980e+01  3.75097476e+03  1.92455586e+01  2.34387144e+00
14600000         -1.31994150e+04 -8.37544302e+03 -4.82397198e+03  7.56033152e-12  0.00000000e+00  0.00000000e+00  0.00000000e+00  0.00000000e+00 -2.89397756e+04  1.24386148e+01  3.75592201e+03  1.92709420e+01  2.34235862e+00
14700000         -1.46555513e+04 -9.80907283e+03 -4.84647845e+03  7.56033118e-12  0.00000000e+00  0.00000000e+00  0.00000000e+00  0.00000000e+00 -2.90771857e+04  1.24672772e+01  3.76467670e+03  1.93158607e+01  2.33194026e+00
14800000         -1.40767558e+04 -9.18699989e+03 -4.88975589e+03  7.56033083e-12  0.00000000e+00  0.00000000e+00  0.00000000e+00  0.00000000e+00 -2.93310916e+04  1.25222247e+01  3.78144652e+03  1.94019036e+01  2.25738535e+00
14900000         -1.69220350e+04 -1.20394349e+04 -4.88260013e+03  7.56033050e-12  0.00000000e+00  0.00000000e+00  0.00000000e+00  0.00000000e+00 -2.92961172e+04  1.25130724e+01  3.77866360e+03  1.93876249e+01  2.26895093e+00
15000000         -1.13820893e+04 -6.53348358e+03 -4.84860571e+03  7.56033018e-12  0.00000000e+00  0.00000000e+00  0.00000000e+00  0.00000000e+00 -2.90850294e+04  1.24699826e+01  3.76549580e+03  1.93200634e+01  2.31104778e+00
15100000         -5.63213365e+03 -8.29018695e+02 -4.80311496e+03  7.56032984e-12  0.00000000e+00  0.00000000e+00  0.00000000e+00  0.00000000e+00 -2.88170334e+04  1.24119584e+01  3.74778717e+03  1.92292037e+01  2.39707245e+00
15200000         -3.84006592e+03  9.31356049e+02 -4.77142197e+03  7.56032950e-12  0.00000000e+00  0.00000000e+00  0.00000000e+00  0.00000000e+00 -2.86248941e+04  1.23713826e+01  3.73539698e+03  1.91656319e+01  2.40615041e+00
15300000         -7.28567908e+03 -2.58831159e+03 -4.69736748e+03  7.56032917e-12  0.00000000e+00  0.00000000e+00  0.00000000e+00  0.00000000e+00 -2.81814760e+04  1.22760574e+01  3.70629989e+03  1.90163401e+01  2.47902823e+00
15400000         -2.65682955e+03  2.09653370e+03 -4.75336324e+03  7.56032883e-12  0.00000000e+00  0.00000000e+00  0.00000000e+00  0.00000000e+00 -2.85125976e+04  1.23481412e+01  3.72829687e+03  1.91292025e+01  2.42604889e+00
15500000         -8.49098274e+03 -3.75042835e+03 -4.74055438e+03  7.56032849e-12  0.00000000e+00  0.00000000e+00  0.00000000e+00  0.00000000e+00 -2.84389347e+04  1.23317877e+01  3.72330852e+03  1.91036082e+01  2.41993624e+00
15600000         -5.14474133e+03 -4.30397237e+02 -4.71434410e+03  7.56032816e-12  0.00000000e+00  0.00000000e+00  0.00000000e+00  0.00000000e+00 -2.82843830e+04  1.22980089e+01  3.71300150e+03  1.90507248e+01  2.47911303e+00
15700000         -6.57437590e+03 -1.84700923e+03 -4.72736666e+03  7.56032782e-12  0.00000000e+00  0.00000000e+00  0.00000000e+00  0.00000000e+00 -2.83582366e+04  1.23147694e+01  3.71811166e+03  1.90769441e+01  2.45787374e+00
15800000         -1.55817935e+04 -1.07407752e+04 -4.84101833e+03  7.56032749e-12  0.00000000e+00  0.00000000e+00  0.00000000e+00  0.00000000e+00 -2.90379965e+04  1.24602576e+01  3.76252481e+03  1.93048198e+01  2.31157336e+00
15900000         -1.05502622e+04 -5.71479811e+03 -4.83546410e+03  7.56032716e-12  0.00000000e+00  0.00000000e+00  0.00000000e+00  0.00000000e+00 -2.90154881e+04  1.24529902e+01  3.76032246e+03  1.92935199e+01  2.30464082e+00
16000000         -7.23982418e+03 -2.47039627e+03 -4.76942791e+03  7.56032683e-12  0.00000000e+00  0.00000000e+00  0.00000000e+00  0.00000000e+00 -2.86102293e+04  1.23688958e+01  3.73463355e+03  1.91617149e+01  2.40006006e+00
16100000         -7.26459375e+03 -2.45944103e+03 -4.80515273e+03  7.56032650e-12  0.00000000e+00  0.00000000e+00  0.00000000e+00  0.00000000e+00 -2.88280330e+04  1.24145839e+01  3.74858687e+03  1.92333068e+01  2.35770446e+00
16200000         -1.21765377e+04 -7.36839605e+03 -4.80814169e+03  7.56032618e-12  0.00000000e+00  0.00000000e+00  0.00000000e+00  0.00000000e+00 -2.88513827e+04  1.24183827e+01  3.74975444e+03  1.92392974e+01  2.34088018e+00
16300000         -1.32708878e+04 -8.49989967e+03 -4.77098810e+03  7.56032584e-12  0.00000000e+00  0.00000000e+00  0.00000000e+00  0.00000000e+00 -2.86226891e+04  1.23708031e+01  3.73522081e+03  1.91647280e+01  2.38546457e+00
16400000         -7.32343734e+03 -2.54397989e+03 -4.77945745e+03  7.56032549e-12  0.00000000e+00  0.00000000e+00  0.00000000e+00  0.00000000e+00 -2.86703222e+04  1.23816226e+01  3.73851954e+03  1.91816532e+01  2.41246654e+00
16500000         -7.61852400e+03 -2.82062511e+03 -4.79789888e+03  7.56032514e-12  0.00000000e+00  0.00000000e+00  0.00000000e+00  0.00000000e+00 -2.87767578e+04  1.24052965e+01  3.74574056e+03  1.92187029e+01  2.36394374e+00
16600000         -1.09194363e+04 -6.09163777e+03 -4.82779855e+03  7.56032480e-12  0.00000000e+00  0.00000000e+00  0.00000000e+00  0.00000000e+00 -2.89625855e+04  1.24434939e+01  3.75741147e+03  1.92785842e+01  2.34719216e+00
16700000         -1.33975900e+04 -8.55318430e+03 -4.84440575e+03  7.56032447e-12  0.00000000e+00  0.00000000e+00  0.00000000e+00  0.00000000e+00 -2.90601102e+04  1.24646137e+01  3.76385708e+03  1.93116554e+01  2.30388241e+00
16800000         -1.78301906e+04 -1.29408888e+04 -4.88930177e+03  7.56032415e-12  0.00000000e+00  0.00000000e+00  0.00000000e+00  0.00000000e+00 -2.93350862e+04  1.25215273e+01  3.78124386e+03  1.94008638e+01  2.24380393e+00
16900000         -1.00951774e+04 -5.22475090e+03 -4.87042651e+03  7.56032381e-12  0.00000000e+00  0.00000000e+00  0.00000000e+00  0.00000000e+00 -2.92233553e+04  1.24976210e+01  3.77394596e+03  1.93634196e+01  2.28995192e+00
17000000         -1.59593910e+04 -1.11174983e+04 -4.84189263e+03  7.56032347e-12  0.00000000e+00  0.00000000e+00  0.00000000e+00  0.00000000e+00 -2.90394304e+04  1.24614756e+01  3.76289060e+03  1.93066966e+01  2.29584186e+00
17100000         -1.49535232e+04 -1.01144863e+04 -4.83903688e+03  7.56032313e-12  0.00000000e+00  0.00000000e+00  0.00000000e+00  0.00000000e+00 -2.90314365e+04  1.24577568e+01  3.76176863e+03  1.93009400e+01  2.29726831e+00
17200000         -1.66147108e+04 -1.17425373e+04 -4.87217353e+03  7.56032280e-12  0.00000000e+00  0.00000000e+00  0.00000000e+00  0.00000000e+00 -2.92273709e+04  1.24999363e+01  3.77464315e+03  1.93669967e+01  2.25827861e+00
17300000         -1.34308200e+04 -8.64648597e+03 -4.78433405e+03  7.56032246e-12  0.00000000e+00  0.00000000e+00  0.00000000e+00  0.00000000e+00 -2.87008402e+04  1.23879941e+01  3.74046562e+03  1.91916382e+01  2.37625501e+00
17400000         -1.03500595e+04 -5.57579260e+03 -4.77426691e+03  7.56032213e-12  0.00000000e+00  0.00000000e+00  0.00000000e+00  0.00000000e+00 -2.86409344e+04  1.23750469e+01  3.73651408e+03  1.91713635e+01  2.39313544e+00
17500000         -6.34604082e+03 -1.60426366e+03 -4.74177716e+03  7.56032179e-12  0.00000000e+00  0.00000000e+00  0.00000000e+00  0.00000000e+00 -2.84487438e+04  1.23333414e+01  3.72378640e+03  1.91060602e+01  2.44652765e+00
17600000         -3.32018250e+03  1.44440905e+03 -4.76459155e+03  7.56032144e-12  0.00000000e+00  0.00000000e+00  0.00000000e+00  0.00000000e+00 -2.85862474e+04  1.23626522e+01  3.73273489e+03  1.91519732e+01  2.42182435e+00
17700000         -7.74901644e+03 -2.97235252e+03 -4.77666392e+03  7.56032110e-12  0.00000000e+00  0.00000000e+00  0.00000000e+00  0.00000000e+00 -2.86537569e+04  1.23781048e+01  3.73744548e+03  1.91761424e+01  2.40149987e+00
17800000         -1.86645259e+04 -1.38441767e+04 -4.82034928e+03  7.56032077e-12  0.00000000e+00  0.00000000e+00  0.00000000e+00  0.00000000e+00 -2.89166840e+04  1.24339971e+01  3.75451023e+03  1.92636985e+01  2.31639618e+00
17900000         -1.78540740e+04 -1.29767866e+04 -4.87728741e+03  7.56032043e-12  0.00000000e+00  0.00000000e+00  0.00000000e+00  0.00000000e+00 -2.92597028e+04  1.25063932e+01  3.77661729e+03  1.93771257e+01  2.27610832e+00
18000000         -1.70634191e+04 -1.21861492e+04 -4.87726988e+03  7.56032010e-12  0.00000000e+00  0.00000000e+00  0.00000000e+00  0.00000000e+00 -2.92570454e+04  1.25063890e+01  3.77661229e+03  1.93771000e+01  2.27556214e+00
18100000         -1.01649578e+04 -5.31798132e+03 -4.84697644e+03  7.56031976e-12  0.00000000e+00  0.00000000e+00  0.00000000e+00  0.00000000e+00 -2.90791237e+04  1.24678984e+01  3.76486499e+03  1.93168268e+01  2.32488407e+00
18200000         -1.99354258e+04 -1.51063271e+04 -4.82909867e+03  7.56031942e-12  0.00000000e+00  0.00000000e+00  0.00000000e+00  0.00000000e+00 -2.89696776e+04  1.24451535e+01  3.75791717e+03  1.92811788e+01  2.34530007e+00
18300000         -1.49102906e+04 -1.01098937e+04 -4.80039689e+03  7.56031908e-12  0.00000000e+00  0.00000000e+00  0.00000000e+00  0.00000000e+00 -2.87956922e+04  1.24085343e+01  3.74673434e+03  1.92238018e+01  2.37389200e+00
18400000         -8.04865861e+03 -3.29370127e+03 -4.75495734e+03  7.56031874e-12  0.00000000e+00  0.00000000e+00  0.00000000e+00  0.00000000e+00 -2.85309286e+04  1.23502150e+01  3.72894214e+03  1.91325133e+01  2.45132439e+00
18500000         -1.21330081e+04 -7.34044042e+03 -4.79256765e+03  7.56031841e-12  0.00000000e+00  0.00000000e+00  0.00000000e+00  0.00000000e+00 -2.87445903e+04  1.23982656e+01  3.74359520e+03  1.92076955e+01  2.38502406e+00
18600000         -8.15897427e+03 -3.35544206e+03 -4.80353222e+03  7.56031808e-12  0.00000000e+00  0.00000000e+00  0.00000000e+00  0.00000000e+00 -2.88187818e+04  1.24123789e+01  3.74791523e+03  1.92298607e+01  2.37975974e+00
18700000         -4.67037099e+03  1.11828734e+02 -4.78219972e+03  7.56031775e-12  0.00000000e+00  0.00000000e+00  0.00000000e+00  0.00000000e+00 -2.86882925e+04  1.23852200e+01  3.73961936e+03  1.91872962e+01  2.40963020e+00
18800000         -8.92612175e+03 -4.14612029e+03 -4.78000145e+03  7.56031742e-12  0.00000000e+00  0.00000000e+00  0.00000000e+00  0.00000000e+00 -2.86744691e+04  1.23824438e+01  3.73877067e+03  1.91829417e+01  2.38265239e+00
18900000         -1.00701701e+04 -5.28175439e+03 -4.78841574e+03  7.56031707e-12  0.00000000e+00  0.00000000e+00  0.00000000e+00  0.00000000e+00 -2.87233568e+04  1.23931751e+01  3.74204483e+03  1.91997408e+01  2.40416942e+00
19000000         -6.66864028e+03 -1.86857670e+03 -4.80006358e+03  7.56031674e-12  0.00000000e+00  0.00000000e+00  0.00000000e+00  0.00000000e+00 -2.88019982e+04  1.24080684e+01  3.74660411e+03  1.92231336e+01  2.40213325e+00
19100000         -1.05436572e+04 -5.78507549e+03 -4.75858170e+03  7.56031640e-12  0.00000000e+00  0.00000000e+00  0.00000000e+00  0.00000000e+00 -2.85485223e+04  1.23548954e+01  3.73036487e+03  1.91398131e+01  2.41467418e+00
19200000         -9.04726282e+03 -4.24097740e+03 -4.80628542e+03  7.56031607e-12  0.00000000e+00  0.00000000e+00  0.00000000e+00  0.00000000e+00 -2.88283098e+04  1.24159678e+01  3.74900058e+03  1.92354295e+01  2.34325186e+00
19300000         -8.42150085e+03 -3.57341281e+03 -4.84808804e+03  7.56031573e-12  0.00000000e+00  0.00000000e+00  0.00000000e+00  0.00000000e+00 -2.90794611e+04  1.24693022e+01  3.76528472e+03  1.93189804e+01  2.28607558e+00
19400000         -1.23637112e+04 -7.44059848e+03 -4.92311277e+03  7.56031540e-12  0.00000000e+00  0.00000000e+00  0.00000000e+00  0.00000000e+00 -2.95355590e+04  1.25643500e+01  3.79431689e+03  1.94679391e+01  2.18520768e+00
19500000         -1.56574303e+04 -1.08570575e+04 -4.80037284e+03  7.56031507e-12  0.00000000e+00  0.00000000e+00  0.00000000e+00  0.00000000e+00 -2.88015169e+04  1.24082173e+01  3.74664790e+03  1.92233583e+01  2.34180888e+00
19600000         -1.45834921e+04 -9.80231649e+03 -4.78117561e+03  7.56031473e-12  0.00000000e+00  0.00000000e+00  0.00000000e+00  0.00000000e+00 -2.86833087e+04  1.23838844e+01  3.73921343e+03  1.91852134e+01  2.36995686e+00
19700000         -7.00509385e+03 -2.19793896e+03 -4.80715489e+03  7.56031439e-12  0.00000000e+00  0.00000000e+00  0.00000000e+00  0.00000000e+00 -2.88402638e+04  1.24170522e+01  3.74934134e+03  1.92371778e+01  2.39573275e+00
19800000         -8.06883193e+03 -3.28384761e+03 -4.78498432e+03  7.56031405e-12  0.00000000e+00  0.00000000e+00  0.00000000e+00  0.00000000e+00 -2.87048401e+04  1.23886913e+01  3.74067951e+03  1.91927356e+01  2.40611976e+00
19900000         -1.50969580e+04 -1.03022700e+04 -4.79468804e+03  7.56031372e-12  0.00000000e+00  0.00000000e+00  0.00000000e+00  0.00000000e+00 -2.87661218e+04  1.24011571e+01  3.74448922e+03  1.92122825e+01  2.35412906e+00
20000000         -9.33232965e+03 -4.62056898e+03 -4.71176067e+03  7.56031338e-12  0.00000000e+00  0.00000000e+00  0.00000000e+00  0.00000000e+00 -2.82688982e+04  1.22946634e+01  3.71198043e+03  1.90454859e+01  2.46739049e+00
20100000         -4.28250288e+03  4.13329176e+02 -4.69583205e+03  7.56031304e-12  0.00000000e+00  0.00000000e+00  0.00000000e+00  0.00000000e+00 -2.81704749e+04  1.22740976e+01  3.70569901e+03  1.90132571e+01  2.50048881e+00
20200000         -6.14417595e+03 -1.39225127e+03 -4.75192469e+03  7.56031271e-12  0.00000000e+00  0.00000000e+00  0.00000000e+00  0.00000000e+00 -2.85046773e+04  1.23463811e+01  3.72775999e+03  1.91264479e+01  2.45130884e+00
20300000         -7.39095729e+03 -2.61893224e+03 -4.77202505e+03  7.56031238e-12  0.00000000e+00  0.00000000e+00  0.00000000e+00  0.00000000e+00 -2.86311842e+04  1.23721762e+01  3.73564291e+03  1.91668937e+01  2.43700015e+00
20400000         -7.57915205e+03 -2.83787093e+03 -4.74128113e+03  7.56031204e-12  0.00000000e+00  0.00000000e+00  0.00000000e+00  0.00000000e+00 -2.84406734e+04  1.23327209e+01  3.72358968e+03  1.91050508e+01  2.47461775e+00
20500000          1.83650893e+03  6.59414734e+03 -4.75763841e+03  7.56031171e-12  0.00000000e+00  0.00000000e+00  0.00000000e+00  0.00000000e+00 -2.85453120e+04  1.23536712e+01  3.72999473e+03  1.91379140e+01  2.43661407e+00
20600000         -8.30128058e+03 -3.54312620e+03 -4.75815439e+03  7.56031138e-12  0.00000000e+00  0.00000000e+00  0.00000000e+00  0.00000000e+00 -2.85425294e+04  1.23544332e+01  3.73021838e+03  1.91390615e+01  2.44733440e+00
20700000         -3.09308521e+03  1.64460308e+03 -4.73768829e+03  7.56031105e-12  0.00000000e+00  0.00000000e+00  0.00000000e+00  0.00000000e+00 -2.84234543e+04  1.23280368e+01  3.72216638e+03  1.90977481e+01  2.47539632e+00
20800000         -1.48677486e+04 -1.01245284e+04 -4.74322013e+03  7.56031072e-12  0.00000000e+00  0.00000000e+00  0.00000000e+00  0.00000000e+00 -2.84520276e+04  1.23351712e+01  3.72433755e+03  1.91088880e+01  2.43474191e+00
20900000         -1.86494249e+04 -1.38627067e+04 -4.78671817e+03  7.56031039e-12  0.00000000e+00  0.00000000e+00  0.00000000e+00  0.00000000e+00 -2.87151944e+04  1.23909604e+01  3.74137185e+03  1.91962879e+01  2.39837438e+00
21000000         -1.38729250e+04 -9.10623194e+03 -4.76669306e+03  7.56031005e-12  0.00000000e+00  0.00000000e+00  0.00000000e+00  0.00000000e+00 -2.85969635e+04  1.23653244e+01  3.73354814e+03  1.91561458e+01  2.44085426e+00
21100000         -1.36825788e+04 -8.90204195e+03 -4.78053684e+03  7.56030972e-12  0.00000000e+00  0.00000000e+00  0.00000000e+00  0.00000000e+00 -2.86811497e+04  1.23830939e+01  3.73897427e+03  1.91839863e+01  2.38870844e+00
21200000         -7.01338601e+03 -2.28219347e+03 -4.73119254e+03  7.56030938e-12  0.00000000e+00  0.00000000e+00  0.00000000e+00  0.00000000e+00 -2.83867336e+04  1.23197142e+01  3.71962878e+03  1.90847282e+01  2.44965801e+00
21300000         -1.39949830e+04 -9.22064658e+03 -4.77433642e+03  7.56030904e-12  0.00000000e+00  0.00000000e+00  0.00000000e+00  0.00000000e+00 -2.86363235e+04  1.23750946e+01  3.73652180e+03  1.91714031e+01  2.40293279e+00
21400000         -1.53443206e+04 -1.04653660e+04 -4.87895459e+03  7.56030870e-12  0.00000000e+00  0.00000000e+00  0.00000000e+00  0.00000000e+00 -2.92703584e+04  1.25085102e+01  3.77726462e+03  1.93804470e+01  2.26339212e+00
21500000         -1.43907988e+04 -9.47340320e+03 -4.91739558e+03  7.56030836e-12  0.00000000e+00  0.00000000e+00  0.00000000e+00  0.00000000e+00 -2.95019743e+04  1.25571217e+01  3.79211058e+03  1.94566189e+01  2.23079035e+00
21600000         -1.35292201e+04 -8.66187456e+03 -4.86734556e+03  7.56030803e-12  0.00000000e+00  0.00000000e+00  0.00000000e+00  0.00000000e+00 -2.92054777e+04  1.24936184e+01  3.77272526e+03  1.93571564e+01  2.28944746e+00
21700000         -2.59755106e+03  2.15357395e+03 -4.75112502e+03  7.56030769e-12  0.00000000e+00  0.00000000e+00  0.00000000e+00  0.00000000e+00 -2.85024217e+04  1.23453651e+01  3.72745334e+03  1.91248746e+01  2.45124829e+00
21800000         -1.42792005e+03  3.33605479e+03 -4.76397483e+03  7.56030735e-12  0.00000000e+00  0.00000000e+00  0.00000000e+00  0.00000000e+00 -2.85766285e+04  1.23616836e+01  3.73243201e+03  1.91504192e+01  2.44502337e+00
21900000         -1.55453572e+04 -1.07014480e+04 -4.84390921e+03  7.56030701e-12  0.00000000e+00  0.00000000e+00  0.00000000e+00  0.00000000e+00 -2.90635531e+04  1.24638393e+01  3.76363066e+03  1.93104937e+01  2.31175850e+00
22000000         -1.41127555e+04 -9.33405540e+03 -4.77870012e+03  7.56030667e-12  0.00000000e+00  0.00000000e+00  0.00000000e+00  0.00000000e+00 -2.86692740e+04  1.23807622e+01  3.73826110e+03  1.91803272e+01  2.39438824e+00
22100000         -1.47830609e+04 -9.98570702e+03 -4.79735391e+03  7.56030633e-12  0.00000000e+00  0.00000000e+00  0.00000000e+00  0.00000000e+00 -2.87799963e+04  1.24046371e+01  3.74554820e+03  1.92177159e+01  2.36819248e+00
22200000         -8.88843251e+03 -4.11960681e+03 -4.76882570e+03  7.56030599e-12  0.00000000e+00  0.00000000e+00  0.00000000e+00  0.00000000e+00 -2.86096647e+04  1.23680641e+01  3.73438434e+03  1.91604362e+01  2.41494052e+00
22300000          6.45262675e+03  1.11120024e+04 -4.65937560e+03  7.56030565e-12  0.00000000e+00  0.00000000e+00  0.00000000e+00  0.00000000e+00 -2.79559250e+04  1.22268167e+01  3.69127455e+03  1.89392479e+01  2.58965203e+00
22400000         -1.27948894e+03  3.43188154e+03 -4.71137047e+03  7.56030532e-12  0.00000000e+00  0.00000000e+00  0.00000000e+00  0.00000000e+00 -2.82617536e+04  1.22941842e+01  3.71182721e+03  1.90446998e+01  2.50748549e+00
22500000         -1.23133965e+04 -7.63963323e+03 -4.67376330e+03  7.56030497e-12  0.00000000e+00  0.00000000e+00  0.00000000e+00  0.00000000e+00 -2.80377988e+04  1.22455248e+01  3.69697775e+03  1.89685099e+01  2.55396177e+00
22600000         -2.18658210e+04 -1.70661574e+04 -4.79966358e+03  7.56030464e-12  0.00000000e+00  0.00000000e+00  0.00000000e+00  0.00000000e+00 -2.87947637e+04  1.24074827e+01  3.74641897e+03  1.92221837e+01  2.37526297e+00
22700000         -6.89552527e+03 -2.19716161e+03 -4.69836366e+03  7.56030430e-12  0.00000000e+00  0.00000000e+00  0.00000000e+00  0.00000000e+00 -2.81863390e+04  1.22773568e+01  3.70669485e+03  1.90183666e+01  2.50481036e+00
22800000         -3.61524310e+03  1.14189126e+03 -4.75713437e+03  7.56030396e-12  0.00000000e+00  0.00000000e+00  0.00000000e+00  0.00000000e+00 -2.85380707e+04  1.23530863e+01  3.72980980e+03  1.91369651e+01  2.46635476e+00
22900000         -9.97083715e+03 -5.12986650e+03 -4.84097065e+03  7.56030363e-12  0.00000000e+00  0.00000000e+00  0.00000000e+00  0.00000000e+00 -2.90416255e+04  1.24602246e+01  3.76252008e+03  1.93047955e+01  2.32444406e+00
23000000         -1.68477366e+04 -1.19726422e+04 -4.87509438e+03  7.56030328e-12  0.00000000e+00  0.00000000e+00  0.00000000e+00  0.00000000e+00 -2.92489936e+04  1.25036009e+01  3.77576818e+03  1.93727691e+01  2.25728651e+00
23100000         -2.22584468e+04 -1.74224173e+04 -4.83602958e+03  7.56030294e-12  0.00000000e+00  0.00000000e+00  0.00000000e+00  0.00000000e+00 -2.90115372e+04  1.24539685e+01  3.76060907e+03  1.92949905e+01  2.31730874e+00
23200000         -1.56878370e+04 -1.08339314e+04 -4.85390559e+03  7.56030259e-12  0.00000000e+00  0.00000000e+00  0.00000000e+00  0.00000000e+00 -2.91172964e+04  1.24767291e+01  3.76755637e+03  1.93306358e+01  2.29754894e+00
23300000         -2.48819052e+04 -2.00396798e+04 -4.84222548e+03  7.56030226e-12  0.00000000e+00  0.00000000e+00  0.00000000e+00  0.00000000e+00 -2.90477083e+04  1.24617838e+01  3.76299437e+03  1.93072290e+01  2.28612445e+00
23400000         -9.88602772e+03 -5.03920345e+03 -4.84682427e+03  7.56030193e-12  0.00000000e+00  0.00000000e+00  0.00000000e+00  0.00000000e+00 -2.90783047e+04  1.24677155e+01  3.76480920e+03  1.93165406e+01  2.31957779e+00
23500000         -9.55752346e+03 -4.80730348e+03 -4.75021998e+03  7.56030160e-12  0.00000000e+00  0.00000000e+00  0.00000000e+00  0.00000000e+00 -2.85004517e+04  1.23441479e+01  3.72708704e+03  1.91229951e+01  2.44395289e+00
23600000         -6.38599855e+03 -1.62127444e+03 -4.76472412e+03  7.56030126e-12  0.00000000e+00  0.00000000e+00  0.00000000e+00  0.00000000e+00 -2.85850277e+04  1.23627989e+01  3.73277698e+03  1.91521892e+01  2.42004471e+00
23700000         -1.31801931e+04 -8.41051652e+03 -4.76967662e+03  7.56030093e-12  0.00000000e+00  0.00000000e+00  0.00000000e+00  0.00000000e+00 -2.86102154e+04  1.23691947e+01  3.73472281e+03  1.91621729e+01  2.39531965e+00
23800000         -1.25586800e+04 -7.77250720e+03 -4.78617279e+03  7.56030058e-12  0.00000000e+00  0.00000000e+00  0.00000000e+00  0.00000000e+00 -2.87151438e+04  1.23902947e+01  3.74117294e+03  1.91952673e+01  2.38659702e+00
23900000         -1.21260124e+04 -7.27501649e+03 -4.85099595e+03  7.56030024e-12  0.00000000e+00  0.00000000e+00  0.00000000e+00  0.00000000e+00 -2.91056627e+04  1.24729743e+01  3.76641847e+03  1.93247974e+01  2.31279632e+00
24000000         -1.35591528e+04 -8.69259274e+03 -4.86656004e+03  7.56029989e-12  0.00000000e+00  0.00000000e+00  0.00000000e+00  0.00000000e+00 -2.91951792e+04  1.24928063e+01  3.77246815e+03  1.93558372e+01  2.30179629e+00
24100000         -9.03175108e+03 -4.27685862e+03 -4.75489246e+03  7.56029955e-12  0.00000000e+00  0.00000000e+00  0.00000000e+00  0.00000000e+00 -2.85325538e+04  1.23500388e+01  3.72889182e+03  1.91322551e+01  2.42629032e+00
24200000         -4.95489243e+02  4.21695611e+03 -4.71244536e+03  7.56029921e-12  0.00000000e+00  0.00000000e+00  0.00000000e+00  0.00000000e+00 -2.82715909e+04  1.22955674e+01  3.71225423e+03  1.90468907e+01  2.46991687e+00
24300000         -3.45722938e+03  1.26534497e+03 -4.72257435e+03  7.56029887e-12  0.00000000e+00  0.00000000e+00  0.00000000e+00  0.00000000e+00 -2.83308010e+04  1.23086507e+01  3.71624545e+03  1.90673689e+01  2.48250317e+00
24400000         -6.32561247e+03 -1.56242857e+03 -4.76318390e+03  7.56029853e-12  0.00000000e+00  0.00000000e+00  0.00000000e+00  0.00000000e+00 -2.85794400e+04  1.23608206e+01  3.73217824e+03  1.91491171e+01  2.42251141e+00
24500000         -1.13082637e+04 -6.54848928e+03 -4.75977446e+03  7.56029818e-12  0.00000000e+00  0.00000000e+00  0.00000000e+00  0.00000000e+00 -2.85541654e+04  1.23564686e+01  3.73084272e+03  1.91422648e+01  2.41598779e+00
24600000         -1.58457824e+04 -1.10036030e+04 -4.84217939e+03  7.56029784e-12  0.00000000e+00  0.00000000e+00  0.00000000e+00  0.00000000e+00 -2.90445792e+04  1.24617827e+01  3.76298960e+03  1.93072045e+01  2.30135194e+00
24700000         -8.23744274e+03 -3.36815376e+03 -4.86928899e+03  7.56029752e-12  0.00000000e+00  0.00000000e+00  0.00000000e+00  0.00000000e+00 -2.92124722e+04  1.24961718e+01  3.77349775e+03  1.93611199e+01  2.29341435e+00
24800000         -1.90157379e+04 -1.41539946e+04 -4.86174331e+03  7.56029718e-12  0.00000000e+00  0.00000000e+00  0.00000000e+00  0.00000000e+00 -2.91691271e+04  1.24866540e+01  3.77059386e+03  1.93462206e+01  2.29909108e+00
24900000         -1.90167903e+04 -1.41706788e+04 -4.84611158e+03  7.56029684e-12  0.00000000e+00  0.00000000e+00  0.00000000e+00  0.00000000e+00 -2.90734621e+04  1.24667907e+01  3.76452613e+03  1.93150882e+01  2.30862712e+00
25000000         -8.25872614e+03 -3.45874888e+03 -4.79997726e+03  7.56029651e-12  0.00000000e+00  0.00000000e+00  0.00000000e+00  0.00000000e+00 -2.87937968e+04  1.24079384e+01  3.74655370e+03  1.92228750e+01  2.37303777e+00
25100000         -1.34414902e+04 -8.56151615e+03 -4.87997406e+03  7.56029617e-12  0.00000000e+00  0.00000000e+00  0.00000000e+00  0.00000000e+00 -2.92776844e+04  1.25097875e+01  3.77765648e+03  1.93824576e+01  2.26509706e+00
25200000         -6.60647953e+03 -1.87379289e+03 -4.73268664e+03  7.56029583e-12  0.00000000e+00  0.00000000e+00  0.00000000e+00  0.00000000e+00 -2.83962246e+04  1.23214928e+01  3.72017341e+03  1.90875226e+01  2.43986589e+00
25300000          1.10482316e+03  5.78943956e+03 -4.68461641e+03  7.56029550e-12  0.00000000e+00  0.00000000e+00  0.00000000e+00  0.00000000e+00 -2.81005522e+04  1.22596068e+01  3.70127228e+03  1.89905444e+01  2.53858462e+00
25400000         -1.36002760e+04 -8.89597532e+03 -4.70430071e+03  7.56029515e-12  0.00000000e+00  0.00000000e+00  0.00000000e+00  0.00000000e+00 -2.82232030e+04  1.22850097e+01  3.70903261e+03  1.90303612e+01  2.47519042e+00
25500000         -6.23609345e+03 -1.52452682e+03 -4.71156663e+03  7.56029482e-12  0.00000000e+00  0.00000000e+00  0.00000000e+00  0.00000000e+00 -2.82643482e+04  1.22944283e+01  3.71190377e+03  1.90450926e+01  2.48615926e+00
25600000         -4.02150800e+03  6.85221645e+02 -4.70672965e+03  7.56029448e-12  0.00000000e+00  0.00000000e+00  0.00000000e+00  0.00000000e+00 -2.82366802e+04  1.22881989e+01  3.71000415e+03  1.90353460e+01  2.49118214e+00
25700000         -7.30032709e+03 -2.58095870e+03 -4.71936838e+03  7.56029413e-12  0.00000000e+00  0.00000000e+00  0.00000000e+00  0.00000000e+00 -2.83112562e+04  1.23044267e+01  3.71495625e+03  1.90607543e+01  2.45799410e+00
25800000         -7.98470165e+03 -3.25690410e+03 -4.72779755e+03  7.56029379e-12  0.00000000e+00  0.00000000e+00  0.00000000e+00  0.00000000e+00 -2.83632663e+04  1.23152836e+01  3.71827235e+03  1.90777686e+01  2.45206846e+00
25900000         -6.42330482e+03 -1.71319583e+03 -4.71010898e+03  7.56029346e-12  0.00000000e+00  0.00000000e+00  0.00000000e+00  0.00000000e+00 -2.82545600e+04  1.22925273e+01  3.71132218e+03  1.90421085e+01  2.50037577e+00
26000000         -8.96859510e+03 -4.27021716e+03 -4.69837795e+03  7.56029312e-12  0.00000000e+00  0.00000000e+00  0.00000000e+00  0.00000000e+00 -2.81864216e+04  1.22773890e+01  3.70670458e+03  1.90184165e+01  2.52055148e+00
26100000         -9.28755269e+03 -4.60281350e+03 -4.68473919e+03  7.56029279e-12  0.00000000e+00  0.00000000e+00  0.00000000e+00  0.00000000e+00 -2.81102822e+04  1.22596893e+01  3.70131064e+03  1.89907412e+01  2.51654679e+00
26200000          1.66823815e+03  6.35880623e+03 -4.69056809e+03  7.56029245e-12  0.00000000e+00  0.00000000e+00  0.00000000e+00  0.00000000e+00 -2.81384927e+04  1.22672739e+01  3.70361578e+03  1.90025684e+01  2.55233801e+00
26300000          1.21429851e+03  5.94571684e+03 -4.73141833e+03  7.56029212e-12  0.00000000e+00  0.00000000e+00  0.00000000e+00  0.00000000e+00 -2.83829749e+04  1.23200190e+01  3.71971450e+03  1.90851680e+01  2.52220030e+00
26400000         -2.89346832e+03  1.87168039e+03 -4.76514871e+03  7.56029178e-12  0.00000000e+00  0.00000000e+00  0.00000000e+00  0.00000000e+00 -2.85847885e+04  1.23633768e+01  3.73294926e+03  1.91530731e+01  2.45496872e+00
26500000         -7.28027020e+03 -2.47906174e+03 -4.80120847e+03  7.56029143e-12  0.00000000e+00  0.00000000e+00  0.00000000e+00  0.00000000e+00 -2.88035245e+04  1.24095604e+01  3.74705187e+03  1.92254310e+01  2.37234547e+00
26600000         -6.31609301e+03 -1.51768334e+03 -4.79840967e+03  7.56029110e-12  0.00000000e+00  0.00000000e+00  0.00000000e+00  0.00000000e+00 -2.87899138e+04  1.24058809e+01  3.74593371e+03  1.92196939e+01  2.38235639e+00
26700000         -1.56651834e+04 -1.09310339e+04 -4.73414951e+03  7.56029076e-12  0.00000000e+00  0.00000000e+00  0.00000000e+00  0.00000000e+00 -2.83982916e+04  1.23235595e+01  3.72079360e+03  1.90907047e+01  2.45441819e+00
26800000         -1.15850267e+04 -6.84642451e+03 -4.73860217e+03  7.56029042e-12  0.00000000e+00  0.00000000e+00  0.00000000e+00  0.00000000e+00 -2.84293732e+04  1.23292503e+01  3.72253717e+03  1.90996506e+01  2.46986275e+00
26900000         -6.64687425e+03 -1.89857804e+03 -4.74829621e+03  7.56029008e-12  0.00000000e+00  0.00000000e+00  0.00000000e+00  0.00000000e+00 -2.84831972e+04  1.23415654e+01  3.72629135e+03  1.91189126e+01  2.45684929e+00
27000000         -2.07877326e+04 -1.59244557e+04 -4.86327694e+03  7.56028973e-12  0.00000000e+00  0.00000000e+00  0.00000000e+00  0.00000000e+00 -2.91747532e+04  1.24885732e+01  3.77117500e+03  1.93492023e+01  2.29967607e+00
27100000         -1.87061481e+04 -1.38345904e+04 -4.87155767e+03  7.56028939e-12  0.00000000e+00  0.00000000e+00  0.00000000e+00  0.00000000e+00 -2.92229171e+04  1.24991518e+01  3.77440254e+03  1.93657622e+01  2.28188887e+00
27200000         -2.15298668e+04 -1.66559803e+04 -4.87388649e+03  7.56028904e-12  0.00000000e+00  0.00000000e+00  0.00000000e+00  0.00000000e+00 -2.92380093e+04  1.25020853e+01  3.77530002e+03  1.93703670e+01  2.27427857e+00
27300000         -1.15237983e+04 -6.70228618e+03 -4.82151216e+03  7.56028871e-12  0.00000000e+00  0.00000000e+00  0.00000000e+00  0.00000000e+00 -2.89259777e+04  1.24354576e+01  3.75495957e+03  1.92660039e+01  2.36593552e+00
27400000         -1.55840031e+04 -1.08133616e+04 -4.77064154e+03  7.56028837e-12  0.00000000e+00  0.00000000e+00  0.00000000e+00  0.00000000e+00 -2.86272757e+04  1.23702245e+01  3.73505446e+03  1.91638745e+01  2.39270752e+00
27500000         -1.09332437e+04 -6.22136816e+03 -4.71187555e+03  7.56028804e-12  0.00000000e+00  0.00000000e+00  0.00000000e+00  0.00000000e+00 -2.82667960e+04  1.22948211e+01  3.71202455e+03  1.90457123e+01  2.47084115e+00
27600000         -1.39140911e+04 -9.18267816e+03 -4.73141295e+03  7.56028770e-12  0.00000000e+00  0.00000000e+00  0.00000000e+00  0.00000000e+00 -2.83871042e+04  1.23199889e+01  3.71971136e+03  1.90851519e+01  2.44351084e+00
27700000         -8.84280657e+03 -4.06073813e+03 -4.78206843e+03  7.56028737e-12  0.00000000e+00  0.00000000e+00  0.00000000e+00  0.00000000e+00 -2.86804226e+04  1.23850954e+01  3.73957104e+03  1.91870482e+01  2.40077158e+00
27800000         -9.32067203e+03 -4.53563538e+03 -4.78503665e+03  7.56028702e-12  0.00000000e+00  0.00000000e+00  0.00000000e+00  0.00000000e+00 -2.87088964e+04  1.23887929e+01  3.74071559e+03  1.91929207e+01  2.41788751e+00
27900000         -1.11255225e+04 -6.33271058e+03 -4.79281193e+03  7.56028669e-12  0.00000000e+00  0.00000000e+00  0.00000000e+00  0.00000000e+00 -2.87518787e+04  1.23987972e+01  3.74376428e+03  1.92085630e+01  2.41180962e+00
28000000         -8.25099725e+03 -3.46158985e+03 -4.78940740e+03  7.56028635e-12  0.00000000e+00  0.00000000e+00  0.00000000e+00  0.00000000e+00 -2.87324633e+04  1.23944210e+01  3.74242981e+03  1.92017161e+01  2.39518108e+00
28100000         -1.46760749e+04 -9.83724875e+03 -4.83882611e+03  7.56028602e-12  0.00000000e+00  0.00000000e+00  0.00000000e+00  0.00000000e+00 -2.90270482e+04  1.24575528e+01  3.76170149e+03  1.93005955e+01  2.29787450e+00
28200000         -1.41250229e+04 -9.23085463e+03 -4.89416826e+03  7.56028569e-12  0.00000000e+00  0.00000000e+00  0.00000000e+00  0.00000000e+00 -2.93569498e+04  1.25277948e+01  3.78314667e+03  1.94106267e+01  2.23275851e+00
28300000         -2.04714659e+04 -1.55592254e+04 -4.91224044e+03  7.56028536e-12  0.00000000e+00  0.00000000e+00  0.00000000e+00  0.00000000e+00 -2.94701789e+04  1.25506622e+01  3.79013643e+03  1.94464899e+01  2.17642868e+00
28400000         -2.02810250e+04 -1.53832439e+04 -4.89778110e+03  7.56028503e-12  0.00000000e+00  0.00000000e+00  0.00000000e+00  0.00000000e+00 -2.93819451e+04  1.25322823e+01  3.78452225e+03  1.94176846e+01  2.20210633e+00
28500000         -4.41480182e+03  3.89854233e+02 -4.80465605e+03  7.56028468e-12  0.00000000e+00  0.00000000e+00  0.00000000e+00  0.00000000e+00 -2.88292356e+04  1.24139329e+01  3.74839412e+03  1.92323178e+01  2.40299338e+00
28600000         -8.15268769e+03 -3.35727146e+03 -4.79541623e+03  7.56028434e-12  0.00000000e+00  0.00000000e+00  0.00000000e+00  0.00000000e+00 -2.87669773e+04  1.24021563e+01  3.74478887e+03  1.92138200e+01  2.39895866e+00
28700000         -1.54612792e+04 -1.06884576e+04 -4.77282158e+03  7.56028400e-12  0.00000000e+00  0.00000000e+00  0.00000000e+00  0.00000000e+00 -2.86339692e+04  1.23732011e+01  3.73595295e+03  1.91684845e+01  2.40847248e+00
28800000         -1.90057168e+04 -1.42330456e+04 -4.77267125e+03  7.56028367e-12  0.00000000e+00  0.00000000e+00  0.00000000e+00  0.00000000e+00 -2.86321596e+04  1.23730048e+01  3.73589177e+03  1.91681706e+01  2.40186694e+00
28900000         -1.25712075e+04 -7.78226411e+03 -4.78894335e+03  7.56028334e-12  0.00000000e+00  0.00000000e+00  0.00000000e+00  0.00000000e+00 -2.87336435e+04  1.23938503e+01  3.74226102e+03  1.92008500e+01  2.37530924e+00
29000000          6.77914180e+02  5.42251010e+03 -4.74459592e+03  7.56028300e-12  0.00000000e+00  0.00000000e+00  0.00000000e+00  0.00000000e+00 -2.84623810e+04  1.23369729e+01  3.72489030e+03  1.91117241e+01  2.45772867e+00
29100000         -4.35496433e+03  4.16782777e+02 -4.77174711e+03  7.56028267e-12  0.00000000e+00  0.00000000e+00  0.00000000e+00  0.00000000e+00 -2.86311685e+04  1.23717824e+01  3.73552526e+03  1.91662901e+01  2.43837473e+00
29200000         -8.10382876e+03 -3.35560041e+03 -4.74822835e+03  7.56028233e-12  0.00000000e+00  0.00000000e+00  0.00000000e+00  0.00000000e+00 -2.84862189e+04  1.23416370e+01  3.72631699e+03  1.91190441e+01  2.46066583e+00
29300000         -3.10300817e+03  1.63430318e+03 -4.73731135e+03  7.56028199e-12  0.00000000e+00  0.00000000e+00  0.00000000e+00  0.00000000e+00 -2.84234096e+04  1.23275848e+01  3.72203130e+03  1.90970551e+01  2.45268234e+00
29400000         -1.30722262e+03  3.46143387e+03 -4.76865649e+03  7.56028166e-12  0.00000000e+00  0.00000000e+00  0.00000000e+00  0.00000000e+00 -2.86048912e+04  1.23678694e+01  3.73431946e+03  1.91601033e+01  2.43358750e+00
29500000         -1.27488104e+04 -7.92246520e+03 -4.82634517e+03  7.56028132e-12  0.00000000e+00  0.00000000e+00  0.00000000e+00  0.00000000e+00 -2.89526417e+04  1.24415618e+01  3.75682036e+03  1.92755513e+01  2.33968166e+00
29600000         -8.61099734e+03 -3.75244648e+03 -4.85855086e+03  7.56028098e-12  0.00000000e+00  0.00000000e+00  0.00000000e+00  0.00000000e+00 -2.91501370e+04  1.24825906e+01  3.76935340e+03  1.93398560e+01  2.30149260e+00
29700000         -1.48081503e+04 -1.00098516e+04 -4.79829875e+03  7.56028063e-12  0.00000000e+00  0.00000000e+00  0.00000000e+00  0.00000000e+00 -2.87842334e+04  1.24058321e+01  3.74591111e+03  1.92195780e+01  2.36969653e+00
29800000         -1.47762295e+04 -9.98581454e+03 -4.79041494e+03  7.56028030e-12  0.00000000e+00  0.00000000e+00  0.00000000e+00  0.00000000e+00 -2.87370798e+04  1.23957790e+01  3.74284192e+03  1.92038305e+01  2.34888174e+00
29900000         -8.72161420e+03 -3.92416170e+03 -4.79745250e+03  7.56027996e-12  0.00000000e+00  0.00000000e+00  0.00000000e+00  0.00000000e+00 -2.87832721e+04  1.24047039e+01  3.74557278e+03  1.92178421e+01  2.37896624e+00
30000000         -9.53659122e+03 -4.74058251e+03 -4.79600871e+03  7.56027963e-12  0.00000000e+00  0.00000000e+00  0.00000000e+00  0.00000000e+00 -2.87718885e+04  1.24028427e+01  3.74500082e+03  1.92149074e+01  2.37720252e+00
