#STEPS          TOT_EN          EN_INTER        EN_TC           EN_INTRA(B)     EN_INTRA(NB)    EN_ELECT        EN_REAL         EN_RECIP        TOTAL_VIR       PRESSURE        TOT_MOL         TOT_DENS        HEAT_VAP        
100000           -1.24621349e+04 -7.52528630e+03 -4.96977280e+03  3.29241554e+01  0.00000000e+00  0.00000000e+00  0.00000000e+00  0.00000000e+00 -2.98209656e+04  1.26230283e+01  3.81226636e+03  1.95599263e+01  2.14874161e+00
200000           -1.03144204e+04 -5.39612535e+03 -4.92061177e+03  2.31672557e+00  0.00000000e+00  0.00000000e+00  0.00000000e+00  0.00000000e+00 -2.95224558e+04  1.25612310e+01  3.79334445e+03  1.94630659e+01  2.18789103e+00
300000           -9.25674097e+02  3.86674679e+03 -4.79245574e+03  3.48499132e-02  0.00000000e+00  0.00000000e+00  0.00000000e+00  0.00000000e+00 -2.87570924e+04  1.23982845e+01  3.74359640e+03  1.92078163e+01  2.36888241e+00
400000           -3.42769841e+02  4.41114728e+03 -4.75391713e+03  1.45417569e-05  0.00000000e+00  0.00000000e+00  0.00000000e+00  0.00000000e+00 -2.85187261e+04  1.23489757e+01  3.72853273e+03  1.91305269e+01  2.39206138e+00
500000           -1.21752800e+03  3.55057077e+03 -4.76809877e+03 -3.55623321e-11  0.00000000e+00  0.00000000e+00  0.00000000e+00  0.00000000e+00 -2.86061602e+04  1.23671988e+01  3.73409892e+03  1.91590862e+01  2.37973132e+00
600000           -4.57150883e+03  2.73160310e+02 -4.84466914e+03 -3.55623325e-11  0.00000000e+00  0.00000000e+00  0.00000000e+00  0.00000000e+00 -2.90624110e+04  1.24648632e+01  3.76391261e+03  1.93120556e+01  2.28860968e+00
700000           -7.35201188e+02  4.03417931e+03 -4.76938050e+03 -3.55623328e-11  0.00000000e+00  0.00000000e+00  0.00000000e+00  0.00000000e+00 -2.86155085e+04  1.23687646e+01  3.73457976e+03  1.91615533e+01  2.39545455e+00
800000            3.07980720e+03  7.84460507e+03 -4.76479788e+03 -3.55623332e-11  0.00000000e+00  0.00000000e+00  0.00000000e+00  0.00000000e+00 -2.85857212e+04  1.23629471e+01  3.73280018e+03  1.91524225e+01  2.41862100e+00
900000            1.68499145e+03  6.41475380e+03 -4.72976236e+03 -3.55623335e-11  0.00000000e+00  0.00000000e+00  0.00000000e+00  0.00000000e+00 -2.83748169e+04  1.23179295e+01  3.71905696e+03  1.90819082e+01  2.44645638e+00
1000000           1.26309749e+04  1.73806400e+04 -4.74966507e+03 -3.55623339e-11  0.00000000e+00  0.00000000e+00  0.00000000e+00  0.00000000e+00 -2.84909585e+04  1.23435413e+01  3.72687045e+03  1.91219980e+01  2.41402390e+00
1100000          -4.93135030e+02  4.29475740e+03 -4.78789243e+03 -3.55623342e-11  0.00000000e+00  0.00000000e+00  0.00000000e+00  0.00000000e+00 -2.87212520e+04  1.23925640e+01  3.74183725e+03  1.91987903e+01  2.34956022e+00
1200000           3.88374729e+03  8.68758741e+03 -4.80384012e+03 -3.55623346e-11  0.00000000e+00  0.00000000e+00  0.00000000e+00  0.00000000e+00 -2.88131005e+04  1.24129183e+01  3.74804617e+03  1.92306474e+01  2.33826416e+00
1300000          -2.42842496e+03  2.37375060e+03 -4.80217557e+03 -3.55623350e-11  0.00000000e+00  0.00000000e+00  0.00000000e+00  0.00000000e+00 -2.88152228e+04  1.24106732e+01  3.74737864e+03  1.92272224e+01  2.34418266e+00
1400000          -3.53798883e+03  1.29266976e+03 -4.83065859e+03 -3.55623353e-11  0.00000000e+00  0.00000000e+00  0.00000000e+00  0.00000000e+00 -2.89708957e+04  1.24471287e+01  3.75848664e+03  1.92842158e+01  2.30892154e+00
1500000           3.09621842e+03  7.97838242e+03 -4.88216401e+03 -3.55623357e-11  0.00000000e+00  0.00000000e+00  0.00000000e+00  0.00000000e+00 -2.92911024e+04  1.25125183e+01  3.77846873e+03  1.93867408e+01  2.26412708e+00
1600000          -5.43216705e+03 -5.13002156e+02 -4.91916489e+03 -3.55623360e-11  0.00000000e+00  0.00000000e+00  0.00000000e+00  0.00000000e+00 -2.95124340e+04  1.25594246e+01  3.79279077e+03  1.94602250e+01  2.18425679e+00
1700000          -6.21643467e+03 -1.41132560e+03 -4.80510906e+03 -3.55623364e-11  0.00000000e+00  0.00000000e+00  0.00000000e+00  0.00000000e+00 -2.88303209e+04  1.24144954e+01  3.74854154e+03  1.92331890e+01  2.31684377e+00
1800000          -1.29020912e+04 -8.01803254e+03 -4.88405870e+03 -3.55623367e-11  0.00000000e+00  0.00000000e+00  0.00000000e+00  0.00000000e+00 -2.93006354e+04  1.25149790e+01  3.77921712e+03  1.93905807e+01  2.20023646e+00
1900000          -1.15912900e+04 -6.77657444e+03 -4.81471552e+03 -3.55623370e-11  0.00000000e+00  0.00000000e+00  0.00000000e+00  0.00000000e+00 -2.88898541e+04  1.24266860e+01  3.75226658e+03  1.92523016e+01  2.30987603e+00
2000000          -1.49861883e+04 -1.01609681e+04 -4.82522022e+03 -3.55623374e-11  0.00000000e+00  0.00000000e+00  0.00000000e+00  0.00000000e+00 -2.89468507e+04  1.24401580e+01  3.75637073e+03  1.92733594e+01  2.28589649e+00
2100000          -1.55640410e+04 -1.07666472e+04 -4.79739376e+03 -3.55623377e-11  0.00000000e+00  0.00000000e+00  0.00000000e+00  0.00000000e+00 -2.87811895e+04  1.24047300e+01  3.74555551e+03  1.92178682e+01  2.30168285e+00
2200000          -9.20115699e+03 -4.36792646e+03 -4.83323053e+03 -3.55623380e-11  0.00000000e+00  0.00000000e+00  0.00000000e+00  0.00000000e+00 -2.89986374e+04  1.24504145e+01  3.75950718e+03  1.92894520e+01  2.27098328e+00
2300000          -1.26442327e+04 -7.86233937e+03 -4.78189333e+03 -3.55623384e-11  0.00000000e+00  0.00000000e+00  0.00000000e+00  0.00000000e+00 -2.86864205e+04  1.23848419e+01  3.73948172e+03  1.91867045e+01  2.33107816e+00
2400000          -8.17882296e+03 -3.43492853e+03 -4.74389444e+03 -3.55623387e-11  0.00000000e+00  0.00000000e+00  0.00000000e+00  0.00000000e+00 -2.84620963e+04  1.23360198e+01  3.72458324e+03  1.91102627e+01  2.39359146e+00
2500000          -7.26853787e+03 -2.55724222e+03 -4.71129565e+03 -3.55623390e-11  0.00000000e+00  0.00000000e+00  0.00000000e+00  0.00000000e+00 -2.82624114e+04  1.22941406e+01  3.71179319e+03  1.90446389e+01  2.42845598e+00
2600000          -1.83160045e+04 -1.35650833e+04 -4.75092127e+03 -3.55623394e-11  0.00000000e+00  0.00000000e+00  0.00000000e+00  0.00000000e+00 -2.84995837e+04  1.23450687e+01  3.72733881e+03  1.91244011e+01  2.35688364e+00
2700000          -1.47120578e+04 -9.93203122e+03 -4.78002653e+03 -3.55623397e-11  0.00000000e+00  0.00000000e+00  0.00000000e+00  0.00000000e+00 -2.86794147e+04  1.23824524e+01  3.73875815e+03  1.91829920e+01  2.33477693e+00
2800000          -1.66737219e+04 -1.18981849e+04 -4.77553702e+03 -3.55623401e-11  0.00000000e+00  0.00000000e+00  0.00000000e+00  0.00000000e+00 -2.86498657e+04  1.23767021e+01  3.73699898e+03  1.91739659e+01  2.35030489e+00
2900000          -1.16048204e+04 -6.80659235e+03 -4.79822801e+03 -3.55623404e-11  0.00000000e+00  0.00000000e+00  0.00000000e+00  0.00000000e+00 -2.87812754e+04  1.24057719e+01  3.74586683e+03  1.92194655e+01  2.33624824e+00
3000000          -9.91205151e+03 -5.12996747e+03 -4.78208404e+03 -3.55623408e-11  0.00000000e+00  0.00000000e+00  0.00000000e+00  0.00000000e+00 -2.86861785e+04  1.23851131e+01  3.73956236e+03  1.91871182e+01  2.33369194e+00
3100000          -2.39790142e+03  2.37885671e+03 -4.77675813e+03 -3.55623411e-11  0.00000000e+00  0.00000000e+00  0.00000000e+00  0.00000000e+00 -2.86596918e+04  1.23782849e+01  3.73748559e+03  1.91764626e+01  2.33944414e+00
3200000          -1.91763304e+03  2.83820673e+03 -4.75583977e+03 -3.55623414e-11  0.00000000e+00  0.00000000e+00  0.00000000e+00  0.00000000e+00 -2.85295929e+04  1.23514816e+01  3.72929652e+03  1.91344458e+01  2.38383143e+00
3300000          -1.28156744e+04 -7.97746733e+03 -4.83820710e+03 -3.55623418e-11  0.00000000e+00  0.00000000e+00  0.00000000e+00  0.00000000e+00 -2.90231817e+04  1.24567056e+01  3.76142079e+03  1.92992705e+01  2.26555629e+00
3400000          -7.60057030e+03 -2.83547679e+03 -4.76509351e+03 -3.55623421e-11  0.00000000e+00  0.00000000e+00  0.00000000e+00  0.00000000e+00 -2.85905469e+04  1.23633291e+01  3.73292109e+03  1.91530429e+01  2.38045535e+00
3500000          -1.86570480e+04 -1.38735798e+04 -4.78346813e+03 -3.55623424e-11  0.00000000e+00  0.00000000e+00  0.00000000e+00  0.00000000e+00 -2.87005527e+04  1.23868987e+01  3.74011598e+03  1.91899588e+01  2.32120662e+00
3600000          -1.29851855e+04 -8.18538326e+03 -4.79980224e+03 -3.55623428e-11  0.00000000e+00  0.00000000e+00  0.00000000e+00  0.00000000e+00 -2.87922961e+04  1.24077850e+01  3.74648364e+03  1.92226303e+01  2.30350046e+00
3700000          -6.48150584e+03 -1.72356774e+03 -4.75793811e+03 -3.55623431e-11  0.00000000e+00  0.00000000e+00  0.00000000e+00  0.00000000e+00 -2.85495475e+04  1.23541277e+01  3.73011501e+03  1.91386453e+01  2.34706058e+00
3800000           4.98242051e+03  9.67615105e+03 -4.69373053e+03 -3.55623435e-11  0.00000000e+00  0.00000000e+00  0.00000000e+00  0.00000000e+00 -2.81596949e+04  1.22713741e+01  3.70484848e+03  1.90090067e+01  2.49707663e+00
3900000          -6.89667052e+03 -2.22277241e+03 -4.67389811e+03 -3.55623438e-11  0.00000000e+00  0.00000000e+00  0.00000000e+00  0.00000000e+00 -2.80394213e+04  1.22457449e+01  3.69702394e+03  1.89688602e+01  2.50511831e+00
4000000          -1.13331957e+04 -6.60284691e+03 -4.73034879e+03 -3.55623441e-11  0.00000000e+00  0.00000000e+00  0.00000000e+00  0.00000000e+00 -2.83765367e+04  1.23186837e+01  3.71928464e+03  1.90830764e+01  2.40029664e+00
4100000          -1.43286653e+04 -9.58079968e+03 -4.74786561e+03 -3.55623445e-11  0.00000000e+00  0.00000000e+00  0.00000000e+00  0.00000000e+00 -2.84835470e+04  1.23411935e+01  3.72615876e+03  1.91183464e+01  2.37541791e+00
4200000          -1.10222822e+04 -6.34275764e+03 -4.67952461e+03 -3.55623448e-11  0.00000000e+00  0.00000000e+00  0.00000000e+00  0.00000000e+00 -2.80772600e+04  1.22529340e+01  3.69922455e+03  1.89801511e+01  2.47935701e+00
4300000          -1.82663135e+04 -1.35899616e+04 -4.67635191e+03 -3.55623451e-11  0.00000000e+00  0.00000000e+00  0.00000000e+00  0.00000000e+00 -2.80551227e+04  1.22489030e+01  3.69798937e+03  1.89738136e+01  2.46787211e+00
4400000          -3.48766238e+02  4.28836696e+03 -4.63713320e+03 -3.55623455e-11  0.00000000e+00  0.00000000e+00  0.00000000e+00  0.00000000e+00 -2.78219983e+04  1.21979623e+01  3.68244570e+03  1.88940615e+01  2.53971608e+00
4500000          -4.61116754e+03  1.79217290e+01 -4.62908927e+03 -3.55623458e-11  0.00000000e+00  0.00000000e+00  0.00000000e+00  0.00000000e+00 -2.77697238e+04  1.21875152e+01  3.67925165e+03  1.88776733e+01  2.54214175e+00
4600000          -4.28293563e+03  4.40423783e+02 -4.72335941e+03 -3.55623461e-11  0.00000000e+00  0.00000000e+00  0.00000000e+00  0.00000000e+00 -2.83341112e+04  1.23096194e+01  3.71651748e+03  1.90688785e+01  2.41203424e+00
4700000          -7.21969664e+03 -2.43380942e+03 -4.78588722e+03 -3.55623465e-11  0.00000000e+00  0.00000000e+00  0.00000000e+00  0.00000000e+00 -2.87077488e+04  1.23899680e+01  3.74104284e+03  1.91947143e+01  2.32042768e+00
4800000          -3.29128544e+03  1.48269311e+03 -4.77397855e+03 -3.55623468e-11  0.00000000e+00  0.00000000e+00  0.00000000e+00  0.00000000e+00 -2.86441227e+04  1.23747026e+01  3.73639368e+03  1.91708602e+01  2.35224073e+00
4900000          -1.00902880e+04 -5.33902752e+03 -4.75126050e+03 -3.55623472e-11  0.00000000e+00  0.00000000e+00  0.00000000e+00  0.00000000e+00 -2.85072174e+04  1.23455479e+01  3.72749272e+03  1.91251908e+01  2.39906373e+00
5000000           3.93861409e+02  5.11318112e+03 -4.71931971e+03 -3.55623475e-11  0.00000000e+00  0.00000000e+00  0.00000000e+00  0.00000000e+00 -2.83124281e+04  1.23044742e+01  3.71495017e+03  1.90608369e+01  2.44659872e+00
5100000          -6.28408026e+03 -1.63145805e+03 -4.65262221e+03 -3.55623478e-11  0.00000000e+00  0.00000000e+00  0.00000000e+00  0.00000000e+00 -2.79137761e+04  1.22181432e+01  3.68860272e+03  1.89256522e+01  2.52073905e+00
5200000          -7.39657605e+03 -2.74537746e+03 -4.65119859e+03 -3.55623482e-11  0.00000000e+00  0.00000000e+00  0.00000000e+00  0.00000000e+00 -2.79025143e+04  1.22163197e+01  3.68804221e+03  1.89227763e+01  2.51363404e+00
5300000          -8.42355385e+03 -3.70590367e+03 -4.71765017e+03 -3.55623485e-11  0.00000000e+00  0.00000000e+00  0.00000000e+00  0.00000000e+00 -2.83026361e+04  1.23022948e+01  3.71428542e+03  1.90574262e+01  2.42122900e+00
5400000          -6.39589453e+03 -1.67326917e+03 -4.72262536e+03 -3.55623489e-11  0.00000000e+00  0.00000000e+00  0.00000000e+00  0.00000000e+00 -2.83282721e+04  1.23087229e+01  3.71624149e+03  1.90674624e+01  2.42343627e+00
5500000          -5.37208676e+03 -5.72938674e+02 -4.79914809e+03 -3.55623492e-11  0.00000000e+00  0.00000000e+00  0.00000000e+00  0.00000000e+00 -2.87866006e+04  1.24069588e+01  3.74622884e+03  1.92213229e+01  2.33512024e+00
5600000          -1.48565971e+04 -9.96748069e+03 -4.88911641e+03 -3.55623495e-11  0.00000000e+00  0.00000000e+00  0.00000000e+00  0.00000000e+00 -2.93334730e+04  1.25213463e+01  3.78116521e+03  1.94005760e+01  2.19909528e+00
5700000          -1.03135110e+04 -5.52399035e+03 -4.78952066e+03 -3.55623499e-11  0.00000000e+00  0.00000000e+00  0.00000000e+00  0.00000000e+00 -2.87346698e+04  1.23945820e+01  3.74245891e+03  1.92019800e+01  2.30481994e+00
5800000          -1.54730398e+04 -1.06074406e+04 -4.86559914e+03 -3.55623502e-11  0.00000000e+00  0.00000000e+00  0.00000000e+00  0.00000000e+00 -2.91906948e+04  1.24916192e+01  3.77208498e+03  1.93539868e+01  2.22863284e+00
5900000          -1.34639892e+04 -8.69054346e+03 -4.77344575e+03 -3.55623505e-11  0.00000000e+00  0.00000000e+00  0.00000000e+00  0.00000000e+00 -2.86407229e+04  1.23740280e+01  3.73618738e+03  1.91698017e+01  2.33583037e+00
6000000          -9.92533265e+03 -5.16635927e+03 -4.75897338e+03 -3.55623509e-11  0.00000000e+00  0.00000000e+00  0.00000000e+00  0.00000000e+00 -2.85516210e+04  1.23554255e+01  3.73050555e+03  1.91406491e+01  2.36955691e+00
6100000          -1.13284249e+04 -6.52456671e+03 -4.80385817e+03 -3.55623512e-11  0.00000000e+00  0.00000000e+00  0.00000000e+00  0.00000000e+00 -2.88154723e+04  1.24129820e+01  3.74806856e+03  1.92307622e+01  2.28679513e+00
6200000          -7.41382687e+03 -2.55551830e+03 -4.85830857e+03 -3.55623515e-11  0.00000000e+00  0.00000000e+00  0.00000000e+00  0.00000000e+00 -2.91482102e+04  1.24823073e+01  3.76924381e+03  1.93394092e+01  2.24918814e+00
6300000          -4.44013339e+03  3.68153328e+02 -4.80828671e+03 -3.55623519e-11  0.00000000e+00  0.00000000e+00  0.00000000e+00  0.00000000e+00 -2.88487129e+04  1.24186384e+01  3.74980488e+03  1.92396710e+01  2.31425461e+00
6400000          -1.00116200e+04 -5.19753507e+03 -4.81408496e+03 -3.55623522e-11  0.00000000e+00  0.00000000e+00  0.00000000e+00  0.00000000e+00 -2.88812773e+04  1.24260019e+01  3.75205012e+03  1.92511910e+01  2.28760882e+00
6500000          -9.09178759e+03 -4.29379962e+03 -4.79798797e+03 -3.55623526e-11  0.00000000e+00  0.00000000e+00  0.00000000e+00  0.00000000e+00 -2.87893730e+04  1.24053537e+01  3.74575334e+03  1.92188832e+01  2.32927030e+00
6600000          -1.20191907e+04 -7.25307561e+03 -4.76611504e+03 -3.55623529e-11  0.00000000e+00  0.00000000e+00  0.00000000e+00  0.00000000e+00 -2.85952759e+04  1.23645191e+01  3.73328318e+03  1.91549007e+01  2.38216605e+00
6700000          -9.04508722e+03 -4.26693676e+03 -4.77815047e+03 -3.55623532e-11  0.00000000e+00  0.00000000e+00  0.00000000e+00  0.00000000e+00 -2.86691271e+04  1.23800810e+01  3.73803534e+03  1.91792833e+01  2.34677828e+00
6800000          -9.50636599e+03 -4.74597865e+03 -4.76038734e+03 -3.55623536e-11  0.00000000e+00  0.00000000e+00  0.00000000e+00  0.00000000e+00 -2.85615874e+04  1.23572958e+01  3.73107823e+03  1.91435875e+01  2.36976780e+00
6900000          -5.55417785e+03 -7.91181339e+02 -4.76299651e+03 -3.55623539e-11  0.00000000e+00  0.00000000e+00  0.00000000e+00  0.00000000e+00 -2.85734021e+04  1.23606592e+01  3.73209947e+03  1.91488273e+01  2.37410455e+00
7000000          -1.48809076e+04 -1.00694471e+04 -4.81146052e+03 -3.55623542e-11  0.00000000e+00  0.00000000e+00  0.00000000e+00  0.00000000e+00 -2.88645610e+04  1.24226714e+01  3.75103180e+03  1.92459662e+01  2.26901207e+00
7100000          -2.04115205e+04 -1.56116651e+04 -4.79985538e+03 -3.55623546e-11  0.00000000e+00  0.00000000e+00  0.00000000e+00  0.00000000e+00 -2.87992171e+04  1.24078222e+01  3.74650453e+03  1.92227374e+01  2.27943138e+00
7200000          -1.80195835e+04 -1.32838624e+04 -4.73572108e+03 -3.55623549e-11  0.00000000e+00  0.00000000e+00  0.00000000e+00  0.00000000e+00 -2.84117942e+04  1.23255546e+01  3.72138655e+03  1.90938610e+01  2.36609439e+00
7300000          -1.75073451e+04 -1.27135415e+04 -4.79380363e+03 -3.55623553e-11  0.00000000e+00  0.00000000e+00  0.00000000e+00  0.00000000e+00 -2.87579909e+04  1.24001477e+01  3.74415417e+03  1.92106781e+01  2.31433695e+00
7400000          -1.41204401e+04 -9.34374388e+03 -4.77669625e+03 -3.55623556e-11  0.00000000e+00  0.00000000e+00  0.00000000e+00  0.00000000e+00 -2.86599014e+04  1.23781238e+01  3.73743777e+03  1.91762173e+01  2.36956172e+00
7500000          -1.87695384e+04 -1.40665486e+04 -4.70298980e+03 -3.55623559e-11  0.00000000e+00  0.00000000e+00  0.00000000e+00  0.00000000e+00 -2.82148502e+04  1.22833876e+01  3.70851443e+03  1.90278161e+01  2.44132052e+00
7600000          -1.07023783e+04 -5.97007362e+03 -4.73230465e+03 -3.55623563e-11  0.00000000e+00  0.00000000e+00  0.00000000e+00  0.00000000e+00 -2.83871355e+04  1.23211951e+01  3.72004969e+03  1.90870017e+01  2.37974364e+00
7700000          -6.81593909e+03 -2.08532827e+03 -4.73061082e+03 -3.55623566e-11  0.00000000e+00  0.00000000e+00  0.00000000e+00  0.00000000e+00 -2.83821982e+04  1.23190010e+01  3.71938739e+03  1.90836036e+01  2.42367871e+00
7800000           1.59785045e+03  6.31066750e+03 -4.71281705e+03 -3.55623569e-11  0.00000000e+00  0.00000000e+00  0.00000000e+00  0.00000000e+00 -2.82713555e+04  1.22960486e+01  3.71237569e+03  1.90476276e+01  2.47363229e+00
7900000          -7.52345902e+03 -2.85611590e+03 -4.66734312e+03 -3.55623573e-11  0.00000000e+00  0.00000000e+00  0.00000000e+00  0.00000000e+00 -2.80040273e+04  1.22372061e+01  3.69442370e+03  1.89555187e+01  2.49636633e+00
8000000          -1.09716631e+04 -6.31534468e+03 -4.65631845e+03 -3.55623576e-11  0.00000000e+00  0.00000000e+00  0.00000000e+00  0.00000000e+00 -2.79314451e+04  1.22229716e+01  3.69006978e+03  1.89331794e+01  2.48089662e+00
8100000          -2.25227796e+03  2.40319184e+03 -4.65546980e+03 -3.55623580e-11  0.00000000e+00  0.00000000e+00  0.00000000e+00  0.00000000e+00 -2.79285168e+04  1.22218707e+01  3.68973682e+03  1.89314711e+01  2.51964698e+00
8200000          -2.18724581e+03  2.47033344e+03 -4.65757925e+03 -3.55623583e-11  0.00000000e+00  0.00000000e+00  0.00000000e+00  0.00000000e+00 -2.79421419e+04  1.22245736e+01  3.69056336e+03  1.89357119e+01  2.50337004e+00
8300000          -4.73643520e+03 -7.21793113e+01 -4.66425589e+03 -3.55623586e-11  0.00000000e+00  0.00000000e+00  0.00000000e+00  0.00000000e+00 -2.79817498e+04  1.22332558e+01  3.69321238e+03  1.89493036e+01  2.50084690e+00
8400000          -6.65700569e+03 -1.93639409e+03 -4.72061160e+03 -3.55623590e-11  0.00000000e+00  0.00000000e+00  0.00000000e+00  0.00000000e+00 -2.83180836e+04  1.23060174e+01  3.71541904e+03  1.90632426e+01  2.41692087e+00
8500000          -2.17647699e+03  2.53974314e+03 -4.71622013e+03 -3.55623593e-11  0.00000000e+00  0.00000000e+00  0.00000000e+00  0.00000000e+00 -2.82940479e+04  1.23004293e+01  3.71371612e+03  1.90545052e+01  2.44068637e+00
8600000           2.90077473e+03  7.63289083e+03 -4.73211610e+03 -3.55623597e-11  0.00000000e+00  0.00000000e+00  0.00000000e+00  0.00000000e+00 -2.83839036e+04  1.23209304e+01  3.71996606e+03  1.90865726e+01  2.45797628e+00
8700000          -4.56350299e+03  2.59742826e+02 -4.82324582e+03 -3.55623600e-11  0.00000000e+00  0.00000000e+00  0.00000000e+00  0.00000000e+00 -2.89388886e+04  1.24377024e+01  3.75562608e+03  1.92695387e+01  2.30524856e+00
8800000          -6.84783155e+03 -2.06365546e+03 -4.78417609e+03 -3.55623603e-11  0.00000000e+00  0.00000000e+00  0.00000000e+00  0.00000000e+00 -2.87009154e+04  1.23878131e+01  3.74038960e+03  1.91913627e+01  2.34843070e+00
8900000          -1.48236534e+04 -1.00035257e+04 -4.82012770e+03 -3.55623607e-11  0.00000000e+00  0.00000000e+00  0.00000000e+00  0.00000000e+00 -2.89196217e+04  1.24336984e+01  3.75440300e+03  1.92632633e+01  2.31153661e+00
9000000          -2.11550195e+04 -1.63682098e+04 -4.78680968e+03 -3.55623610e-11  0.00000000e+00  0.00000000e+00  0.00000000e+00  0.00000000e+00 -2.87131351e+04  1.23911823e+01  3.74141311e+03  1.91966141e+01  2.29845465e+00
9100000          -9.66380046e+03 -4.85248470e+03 -4.81131576e+03 -3.55623613e-11  0.00000000e+00  0.00000000e+00  0.00000000e+00  0.00000000e+00 -2.88676826e+04  1.24224921e+01  3.75098266e+03  1.92457140e+01  2.28735829e+00
9200000          -6.19389543e+03 -1.33205202e+03 -4.86184341e+03 -3.55623617e-11  0.00000000e+00  0.00000000e+00  0.00000000e+00  0.00000000e+00 -2.91657392e+04  1.24868408e+01  3.77062260e+03  1.93464835e+01  2.25039885e+00
9300000          -1.69655066e+04 -1.20648101e+04 -4.90069653e+03 -3.55623620e-11  0.00000000e+00  0.00000000e+00  0.00000000e+00  0.00000000e+00 -2.94014521e+04  1.25360825e+01  3.78566247e+03  1.94236508e+01  2.18149336e+00
9400000          -1.36149911e+04 -8.76121477e+03 -4.85377629e+03 -3.55623624e-11  0.00000000e+00  0.00000000e+00  0.00000000e+00  0.00000000e+00 -2.91220815e+04  1.24765081e+01  3.76747487e+03  1.93303330e+01  2.21875671e+00
9500000          -1.66942133e+04 -1.19073103e+04 -4.78690294e+03 -3.55623627e-11  0.00000000e+00  0.00000000e+00  0.00000000e+00  0.00000000e+00 -2.87185314e+04  1.23912347e+01  3.74143639e+03  1.91967336e+01  2.27910498e+00
9600000          -1.25318612e+04 -7.72607325e+03 -4.80578799e+03 -3.55623631e-11  0.00000000e+00  0.00000000e+00  0.00000000e+00  0.00000000e+00 -2.88270908e+04  1.24154015e+01  3.74880760e+03  1.92345541e+01  2.30313244e+00
9700000          -1.67629828e+04 -1.19176830e+04 -4.84529978e+03 -3.55623634e-11  0.00000000e+00  0.00000000e+00  0.00000000e+00  0.00000000e+00 -2.90683906e+04  1.24657588e+01  3.76418856e+03  1.93134715e+01  2.25965915e+00
9800000          -4.63697779e+03  1.47968901e+02 -4.78494669e+03 -3.55623637e-11  0.00000000e+00  0.00000000e+00  0.00000000e+00  0.00000000e+00 -2.87085785e+04  1.23887881e+01  3.74069162e+03  1.91929123e+01  2.32554714e+00
9900000          -8.96667664e+03 -4.10543807e+03 -4.86123857e+03 -3.55623641e-11  0.00000000e+00  0.00000000e+00  0.00000000e+00  0.00000000e+00 -2.91622078e+04  1.24860656e+01  3.77038606e+03  1.93452699e+01  2.22839618e+00
10000000         -1.29350864e+04 -8.10707856e+03 -4.82800780e+03 -3.55623644e-11  0.00000000e+00  0.00000000e+00  0.00000000e+00  0.00000000e+00 -2.89631964e+04  1.24438065e+01  3.75748350e+03  1.92790688e+01  2.26397747e+00
