#STEPS          TOT_EN          EN_INTER        EN_TC           EN_INTRA(B)     EN_INTRA(NB)    EN_ELECT        EN_REAL         EN_RECIP        TOTAL_VIR       PRESSURE        TOT_MOL         TOT_DENS        HEAT_VAP        
100000           -7.48521665e+06 -7.29236172e+06 -1.92950471e+05  9.55393242e+01  0.00000000e+00  0.00000000e+00  0.00000000e+00  0.00000000e+00 -4.18558827e+06  1.25964800e+01  6.16458950e+03  4.69634610e+02  1.10631985e+01
200000           -7.45644898e+06 -7.26432038e+06 -1.92163003e+05  3.44000645e+01  0.00000000e+00  0.00000000e+00  0.00000000e+00  0.00000000e+00 -4.16510856e+06  1.29764937e+01  6.14296394e+03  4.69362873e+02  1.11134344e+01
300000           -7.47011675e+06 -7.27789182e+06 -1.92237354e+05  1.24192742e+01  0.00000000e+00  0.00000000e+00  0.00000000e+00  0.00000000e+00 -4.22810634e+06  8.30007355e+00  6.13777186e+03  4.69941957e+02  1.11076841e+01
400000           -7.38170835e+06 -7.19173548e+06 -1.89976765e+05  3.89067127e+00  0.00000000e+00  0.00000000e+00  0.00000000e+00  0.00000000e+00 -4.17189737e+06  1.04554746e+01  6.10142978e+03  4.67181940e+02  1.09792475e+01
500000           -7.41900387e+06 -7.22818558e+06 -1.90819728e+05  1.44153357e+00  0.00000000e+00  0.00000000e+00  0.00000000e+00  0.00000000e+00 -4.21117354e+06  8.40534834e+00  6.11604136e+03  4.68133307e+02  1.10552650e+01
600000           -7.42162503e+06 -7.23078048e+06 -1.90845205e+05  6.51149907e-01  0.00000000e+00  0.00000000e+00  0.00000000e+00  0.00000000e+00 -4.19319127e+06  1.00606665e+01  6.12421150e+03  4.67571528e+02  1.10453193e+01
700000           -7.46200296e+06 -7.27000379e+06 -1.91999399e+05  2.29498872e-01  0.00000000e+00  0.00000000e+00  0.00000000e+00  0.00000000e+00 -4.22525252e+06  9.03931095e+00  6.14964974e+03  4.68452980e+02  1.10446836e+01
800000           -7.45484190e+06 -7.26290059e+06 -1.91941377e+05  7.02169207e-02  0.00000000e+00  0.00000000e+00  0.00000000e+00  0.00000000e+00 -4.21340883e+06  1.08385865e+01  6.17046917e+03  4.66730547e+02  1.10323103e+01
900000           -7.47085167e+06 -7.27854057e+06 -1.92311113e+05  9.42117808e-03  0.00000000e+00  0.00000000e+00  0.00000000e+00  0.00000000e+00 -4.23097352e+06  9.63130348e+00  6.17041548e+03  4.67634590e+02  1.10507368e+01
1000000          -7.49524147e+06 -7.30216648e+06 -1.93074987e+05  1.78906582e-03  0.00000000e+00  0.00000000e+00  0.00000000e+00  0.00000000e+00 -4.22221868e+06  1.04877549e+01  6.17495647e+03  4.69146850e+02  1.10489097e+01
1100000          -7.46418592e+06 -7.27191993e+06 -1.92265993e+05  1.78906582e-03  0.00000000e+00  0.00000000e+00  0.00000000e+00  0.00000000e+00 -4.23262170e+06  8.88566825e+00  6.15681141e+03  4.68557437e+02  1.10735456e+01
1200000          -7.56099643e+06 -7.36667647e+06 -1.94319962e+05  1.78906582e-03  0.00000000e+00  0.00000000e+00  0.00000000e+00  0.00000000e+00 -4.24740091e+06  9.82909172e+00  6.19744138e+03  4.70458145e+02  1.11272850e+01
1300000          -7.60413548e+06 -7.40853358e+06 -1.95601910e+05  1.78906582e-03  0.00000000e+00  0.00000000e+00  0.00000000e+00  0.00000000e+00 -4.33011355e+06  6.17478599e+00  6.24126347e+03  4.70237201e+02  1.11184063e+01
1400000          -7.57393455e+06 -7.37883370e+06 -1.95100851e+05  1.78906582e-03  0.00000000e+00  0.00000000e+00  0.00000000e+00  0.00000000e+00 -4.25059841e+06  1.15669424e+01  6.23889739e+03  4.69210782e+02  1.10641527e+01
1500000          -7.54501901e+06 -7.35075816e+06 -1.94260854e+05  1.38636496e-03  0.00000000e+00  0.00000000e+00  0.00000000e+00  0.00000000e+00 -4.22470500e+06  1.25674049e+01  6.22272499e+03  4.68403795e+02  1.10879591e+01
1600000          -7.56133851e+06 -7.36693138e+06 -1.94407136e+05 -1.53934129e-10  0.00000000e+00  0.00000000e+00  0.00000000e+00  0.00000000e+00 -4.26455749e+06  9.73103780e+00  6.22101891e+03  4.68884459e+02  1.11122722e+01
1700000          -7.62689859e+06 -7.43070173e+06 -1.96196854e+05 -1.53934130e-10  0.00000000e+00  0.00000000e+00  0.00000000e+00  0.00000000e+00 -4.27091089e+06  1.04583744e+01  6.24448142e+03  4.71423480e+02  1.11198214e+01
1800000          -7.54836662e+06 -7.35419780e+06 -1.94168822e+05 -1.53934130e-10  0.00000000e+00  0.00000000e+00  0.00000000e+00  0.00000000e+00 -4.32213120e+06  6.18351458e+00  6.23066141e+03  4.67586342e+02  1.10378804e+01
1900000          -7.52887494e+06 -7.33508991e+06 -1.93785022e+05 -1.53934130e-10  0.00000000e+00  0.00000000e+00  0.00000000e+00  0.00000000e+00 -4.28093004e+06  8.75970767e+00  6.22521966e+03  4.67069913e+02  1.10662937e+01
2000000          -7.51518640e+06 -7.32158560e+06 -1.93600802e+05 -1.53934130e-10  0.00000000e+00  0.00000000e+00  0.00000000e+00  0.00000000e+00 -4.30228865e+06  7.86182040e+00  6.23792340e+03  4.65671735e+02  1.10045907e+01
2100000          -7.55497421e+06 -7.36032285e+06 -1.94651359e+05 -1.53934130e-10  0.00000000e+00  0.00000000e+00  0.00000000e+00  0.00000000e+00 -4.33507763e+06  5.94013192e+00  6.24437315e+03  4.67717144e+02  1.10285659e+01
2200000          -7.60862770e+06 -7.41260738e+06 -1.96020322e+05 -1.53934130e-10  0.00000000e+00  0.00000000e+00  0.00000000e+00  0.00000000e+00 -4.27876091e+06  1.09985379e+01  6.26834672e+03  4.69207345e+02  1.11011613e+01
2300000          -7.60639285e+06 -7.41070508e+06 -1.95687770e+05 -1.53934131e-10  0.00000000e+00  0.00000000e+00  0.00000000e+00  0.00000000e+00 -4.25309628e+06  1.21915983e+01  6.25601561e+03  4.69334539e+02  1.10905483e+01
2400000          -7.54992732e+06 -7.35584776e+06 -1.94079553e+05 -1.53934131e-10  0.00000000e+00  0.00000000e+00  0.00000000e+00  0.00000000e+00 -4.22618287e+06  1.20172514e+01  6.21311175e+03  4.68689459e+02  1.10808738e+01
2500000          -7.51719816e+06 -7.32389374e+06 -1.93304427e+05 -1.53934131e-10  0.00000000e+00  0.00000000e+00  0.00000000e+00  0.00000000e+00 -4.21792994e+06  1.19790465e+01  6.20061317e+03  4.67761137e+02  1.10579244e+01
2600000          -7.54188887e+06 -7.34772468e+06 -1.94164191e+05 -1.53934131e-10  0.00000000e+00  0.00000000e+00  0.00000000e+00  0.00000000e+00 -4.17736275e+06  1.55917353e+01  6.21698286e+03  4.68603271e+02  1.11026249e+01
2700000          -7.49880766e+06 -7.30582852e+06 -1.92979135e+05 -1.53934131e-10  0.00000000e+00  0.00000000e+00  0.00000000e+00  0.00000000e+00 -4.18201930e+06  1.39669255e+01  6.18982511e+03  4.67787684e+02  1.10973956e+01
2800000          -7.43994156e+06 -7.24819536e+06 -1.91746202e+05 -1.53934132e-10  0.00000000e+00  0.00000000e+00  0.00000000e+00  0.00000000e+00 -4.24204327e+06  9.22246561e+00  6.17923964e+03  4.65594526e+02  1.10046965e+01
2900000          -7.49702759e+06 -7.30390314e+06 -1.93124446e+05 -1.53934132e-10  0.00000000e+00  0.00000000e+00  0.00000000e+00  0.00000000e+00 -4.20606702e+06  1.28600636e+01  6.20208367e+03  4.67214129e+02  1.10441095e+01
3000000          -7.56417103e+06 -7.36964864e+06 -1.94522387e+05 -1.53934132e-10  0.00000000e+00  0.00000000e+00  0.00000000e+00  0.00000000e+00 -4.22565362e+06  1.21550160e+01  6.21477068e+03  4.69636027e+02  1.11333073e+01
3100000          -7.58281127e+06 -7.38771439e+06 -1.95096883e+05 -1.53934132e-10  0.00000000e+00  0.00000000e+00  0.00000000e+00  0.00000000e+00 -4.22208526e+06  1.28511348e+01  6.22382648e+03  4.70335201e+02  1.11396615e+01
3200000          -7.56178244e+06 -7.36727889e+06 -1.94503559e+05 -1.53934132e-10  0.00000000e+00  0.00000000e+00  0.00000000e+00  0.00000000e+00 -4.21006697e+06  1.33001318e+01  6.21613052e+03  4.69487707e+02  1.11467637e+01
3300000          -7.54969264e+06 -7.35548614e+06 -1.94206493e+05 -1.53934132e-10  0.00000000e+00  0.00000000e+00  0.00000000e+00  0.00000000e+00 -4.28475781e+06  8.01929300e+00  6.21456610e+03  4.68887451e+02  1.10985794e+01
3400000          -7.52625769e+06 -7.33250069e+06 -1.93757005e+05 -1.53934133e-10  0.00000000e+00  0.00000000e+00  0.00000000e+00  0.00000000e+00 -4.25288416e+06  9.42315334e+00  6.19746829e+03  4.69094148e+02  1.11323436e+01
3500000          -7.49387391e+06 -7.30100000e+06 -1.92873905e+05 -1.53934133e-10  0.00000000e+00  0.00000000e+00  0.00000000e+00  0.00000000e+00 -4.23493469e+06  9.97792019e+00  6.18335122e+03  4.68021661e+02  1.10755065e+01
3600000          -7.50313050e+06 -7.30990830e+06 -1.93222204e+05 -1.53934133e-10  0.00000000e+00  0.00000000e+00  0.00000000e+00  0.00000000e+00 -4.15182588e+06  1.59707285e+01  6.18713056e+03  4.68577865e+02  1.10627989e+01
3700000          -7.48679390e+06 -7.29390910e+06 -1.92884805e+05 -1.53934133e-10  0.00000000e+00  0.00000000e+00  0.00000000e+00  0.00000000e+00 -4.25474262e+06  9.05967691e+00  6.19325055e+03  4.67300675e+02  1.10389988e+01
3800000          -7.48253381e+06 -7.28961867e+06 -1.92915140e+05 -1.53934133e-10  0.00000000e+00  0.00000000e+00  0.00000000e+00  0.00000000e+00 -4.23477134e+06  1.08165520e+01  6.20133113e+03  4.66764399e+02  1.09932550e+01
3900000          -7.55398283e+06 -7.35956719e+06 -1.94415639e+05 -1.53934133e-10  0.00000000e+00  0.00000000e+00  0.00000000e+00  0.00000000e+00 -4.31531303e+06  6.46934925e+00  6.22662196e+03  4.68484387e+02  1.10824635e+01
4000000          -7.57509724e+06 -7.38015935e+06 -1.94937888e+05 -1.53934134e-10  0.00000000e+00  0.00000000e+00  0.00000000e+00  0.00000000e+00 -4.26443372e+06  9.58984990e+00  6.21701646e+03  4.70469902e+02  1.11302621e+01
4100000          -7.54839286e+06 -7.35424948e+06 -1.94143384e+05 -1.53934134e-10  0.00000000e+00  0.00000000e+00  0.00000000e+00  0.00000000e+00 -4.21835792e+06  1.22664180e+01  6.20661919e+03  4.69335440e+02  1.11034456e+01
4200000          -7.56883134e+06 -7.37415586e+06 -1.94675487e+05 -1.53934134e-10  0.00000000e+00  0.00000000e+00  0.00000000e+00  0.00000000e+00 -4.26872663e+06  8.95093866e+00  6.21028475e+03  4.70344913e+02  1.10940069e+01
4300000          -7.53870797e+06 -7.34454188e+06 -1.94166096e+05 -1.53934134e-10  0.00000000e+00  0.00000000e+00  0.00000000e+00  0.00000000e+00 -4.30330605e+06  6.74733452e+00  6.21489764e+03  4.68765875e+02  1.10828199e+01
4400000          -7.51122829e+06 -7.31773436e+06 -1.93493932e+05 -1.53934134e-10  0.00000000e+00  0.00000000e+00  0.00000000e+00  0.00000000e+00 -4.24833601e+06  1.00240164e+01  6.20391701e+03  4.67970203e+02  1.10590875e+01
4500000          -7.52113497e+06 -7.32742047e+06 -1.93714496e+05 -1.53934134e-10  0.00000000e+00  0.00000000e+00  0.00000000e+00  0.00000000e+00 -4.25744456e+06  9.43606656e+00  6.20471172e+03  4.68439503e+02  1.10366214e+01
4600000          -7.58216658e+06 -7.38683480e+06 -1.95331777e+05 -1.53934135e-10  0.00000000e+00  0.00000000e+00  0.00000000e+00  0.00000000e+00 -4.26358137e+06  1.04857745e+01  6.23499021e+03  4.70060343e+02  1.11044686e+01
4700000          -7.58937951e+06 -7.39405346e+06 -1.95326053e+05 -1.53934135e-10  0.00000000e+00  0.00000000e+00  0.00000000e+00  0.00000000e+00 -4.24429902e+06  1.18586880e+01  6.23563560e+03  4.69998215e+02  1.10861566e+01
4800000          -7.51647798e+06 -7.32287025e+06 -1.93607732e+05 -1.53934135e-10  0.00000000e+00  0.00000000e+00  0.00000000e+00  0.00000000e+00 -4.17525834e+06  1.48553282e+01  6.19815664e+03  4.68680297e+02  1.11181090e+01
4900000          -7.51135378e+06 -7.31786265e+06 -1.93491128e+05 -1.53934135e-10  0.00000000e+00  0.00000000e+00  0.00000000e+00  0.00000000e+00 -4.13372201e+06  1.71273616e+01  6.18414833e+03  4.69459406e+02  1.11041556e+01
5000000          -7.51594010e+06 -7.32268538e+06 -1.93254720e+05 -1.53934135e-10  0.00000000e+00  0.00000000e+00  0.00000000e+00  0.00000000e+00 -4.18603150e+06  1.25302083e+01  6.16358349e+03  4.70449388e+02  1.10825258e+01
5100000          -7.49380449e+06 -7.30106141e+06 -1.92743081e+05 -1.53934136e-10  0.00000000e+00  0.00000000e+00  0.00000000e+00  0.00000000e+00 -4.19850637e+06  1.17634006e+01  6.16662912e+03  4.68972796e+02  1.10998416e+01
5200000          -7.47148641e+06 -7.27931480e+06 -1.92171606e+05 -1.53934136e-10  0.00000000e+00  0.00000000e+00  0.00000000e+00  0.00000000e+00 -4.19908382e+06  1.13126685e+01  6.15866244e+03  4.68185719e+02  1.10927811e+01
5300000          -7.53145148e+06 -7.33770854e+06 -1.93742940e+05 -1.53934136e-10  0.00000000e+00  0.00000000e+00  0.00000000e+00  0.00000000e+00 -4.23534589e+06  1.04783175e+01  6.19382954e+03  4.69336211e+02  1.11000996e+01
5400000          -7.59095940e+06 -7.39575830e+06 -1.95201094e+05 -1.53934136e-10  0.00000000e+00  0.00000000e+00  0.00000000e+00  0.00000000e+00 -4.22042402e+06  1.26228863e+01  6.21612164e+03  4.71169097e+02  1.11283914e+01
5500000          -7.57657312e+06 -7.38169695e+06 -1.94876172e+05 -1.53934136e-10  0.00000000e+00  0.00000000e+00  0.00000000e+00  0.00000000e+00 -4.20162020e+06  1.36317585e+01  6.20983032e+03  4.70864212e+02  1.11190140e+01
5600000          -7.58922622e+06 -7.39390560e+06 -1.95320614e+05 -1.53934136e-10  0.00000000e+00  0.00000000e+00  0.00000000e+00  0.00000000e+00 -4.33126748e+06  5.95045764e+00  6.23860802e+03  4.69761313e+02  1.11143434e+01
5700000          -7.53211586e+06 -7.33795933e+06 -1.94156534e+05 -1.53934137e-10  0.00000000e+00  0.00000000e+00  0.00000000e+00  0.00000000e+00 -4.31366627e+06  7.29310108e+00  6.24203876e+03  4.66704408e+02  1.10322168e+01
5800000          -7.50016519e+06 -7.30685610e+06 -1.93309090e+05 -1.53934137e-10  0.00000000e+00  0.00000000e+00  0.00000000e+00  0.00000000e+00 -4.33955400e+06  4.37614345e+00  6.21866219e+03  4.66412784e+02  1.10373377e+01
5900000          -7.51966914e+06 -7.32577092e+06 -1.93898222e+05 -1.53934137e-10  0.00000000e+00  0.00000000e+00  0.00000000e+00  0.00000000e+00 -4.29381360e+06  7.82210377e+00  6.22407446e+03  4.67429783e+02  1.10426300e+01
6000000          -7.58106564e+06 -7.38575152e+06 -1.95314116e+05 -1.53934137e-10  0.00000000e+00  0.00000000e+00  0.00000000e+00  0.00000000e+00 -4.26938483e+06  1.12169195e+01  6.25962555e+03  4.68168633e+02  1.10772379e+01
6100000          -7.53566496e+06 -7.34131834e+06 -1.94346626e+05 -1.53934137e-10  0.00000000e+00  0.00000000e+00  0.00000000e+00  0.00000000e+00 -4.23844420e+06  1.27177073e+01  6.24717114e+03  4.66778071e+02  1.10157040e+01
6200000          -7.55951904e+06 -7.36479743e+06 -1.94721608e+05 -1.53934137e-10  0.00000000e+00  0.00000000e+00  0.00000000e+00  0.00000000e+00 -4.28811851e+06  8.92181235e+00  6.23862528e+03  4.68318741e+02  1.10478151e+01
6300000          -7.58302876e+06 -7.38779653e+06 -1.95232232e+05 -1.53934138e-10  0.00000000e+00  0.00000000e+00  0.00000000e+00  0.00000000e+00 -4.28366947e+06  1.02156456e+01  6.25981039e+03  4.67955627e+02  1.10933284e+01
6400000          -7.64823815e+06 -7.45152483e+06 -1.96713322e+05 -1.53934138e-10  0.00000000e+00  0.00000000e+00  0.00000000e+00  0.00000000e+00 -4.26252973e+06  1.27198092e+01  6.28083513e+03  4.69930221e+02  1.11436725e+01
6500000          -7.60417445e+06 -7.40849805e+06 -1.95676394e+05 -1.53934138e-10  0.00000000e+00  0.00000000e+00  0.00000000e+00  0.00000000e+00 -4.29512339e+06  9.53808640e+00  6.26150296e+03  4.68895016e+02  1.10672185e+01
6600000          -7.57568652e+06 -7.38053992e+06 -1.95146603e+05 -1.53934138e-10  0.00000000e+00  0.00000000e+00  0.00000000e+00  0.00000000e+00 -4.25721824e+06  1.16704788e+01  6.25164759e+03  4.68363657e+02  1.10713045e+01
6700000          -7.57893264e+06 -7.38389531e+06 -1.95037321e+05 -1.53934138e-10  0.00000000e+00  0.00000000e+00  0.00000000e+00  0.00000000e+00 -4.29269800e+06  9.28834722e+00  6.25311344e+03  4.67989172e+02  1.11133657e+01
6800000          -7.60093644e+06 -7.40525399e+06 -1.95682452e+05 -1.53934139e-10  0.00000000e+00  0.00000000e+00  0.00000000e+00  0.00000000e+00 -4.32233169e+06  7.56402465e+00  6.25945074e+03  4.69064100e+02  1.11149639e+01
6900000          -7.65198871e+06 -7.45495869e+06 -1.97030020e+05 -1.53934139e-10  0.00000000e+00  0.00000000e+00  0.00000000e+00  0.00000000e+00 -4.33627194e+06  8.15184470e+00  6.29160149e+03  4.69878778e+02  1.11579300e+01
7000000          -7.69144364e+06 -7.49356603e+06 -1.97877613e+05 -1.53934139e-10  0.00000000e+00  0.00000000e+00  0.00000000e+00  0.00000000e+00 -4.33156120e+06  9.35210024e+00  6.31007114e+03  4.70519376e+02  1.11460982e+01
7100000          -7.68855491e+06 -7.49059061e+06 -1.97964293e+05 -1.53934139e-10  0.00000000e+00  0.00000000e+00  0.00000000e+00  0.00000000e+00 -4.29424149e+06  1.22463259e+01  6.31724371e+03  4.70192235e+02  1.11122960e+01
7200000          -7.66458020e+06 -7.46718842e+06 -1.97391782e+05 -1.53934139e-10  0.00000000e+00  0.00000000e+00  0.00000000e+00  0.00000000e+00 -4.30498995e+06  1.08601322e+01  6.30357122e+03  4.69849887e+02  1.10911977e+01
7300000          -7.61042872e+06 -7.41456690e+06 -1.95861818e+05 -1.53934139e-10  0.00000000e+00  0.00000000e+00  0.00000000e+00  0.00000000e+00 -4.31237599e+06  9.67205783e+00  6.29035503e+03  4.67188633e+02  1.10969603e+01
7400000          -7.60272317e+06 -7.40738291e+06 -1.95340269e+05 -1.53934140e-10  0.00000000e+00  0.00000000e+00  0.00000000e+00  0.00000000e+00 -4.34399126e+06  7.07474773e+00  6.28112466e+03  4.66628392e+02  1.10707414e+01
7500000          -7.59694946e+06 -7.40163946e+06 -1.95310005e+05 -1.53934140e-10  0.00000000e+00  0.00000000e+00  0.00000000e+00  0.00000000e+00 -4.30992832e+06  9.47942965e+00  6.28300164e+03  4.66416028e+02  1.10605629e+01
7600000          -7.62881350e+06 -7.43247809e+06 -1.96335412e+05 -1.53934140e-10  0.00000000e+00  0.00000000e+00  0.00000000e+00  0.00000000e+00 -4.29746165e+06  1.13501121e+01  6.30419471e+03  4.67288843e+02  1.10618398e+01
7700000          -7.66593521e+06 -7.46845207e+06 -1.97483138e+05 -1.53934140e-10  0.00000000e+00  0.00000000e+00  0.00000000e+00  0.00000000e+00 -4.36015033e+06  8.67127766e+00  6.33843750e+03  4.67481772e+02  1.10928146e+01
7800000          -7.70037267e+06 -7.50204442e+06 -1.98328252e+05 -1.53934140e-10  0.00000000e+00  0.00000000e+00  0.00000000e+00  0.00000000e+00 -4.31035092e+06  1.32508496e+01  6.36417604e+03  4.67583412e+02  1.10638925e+01
7900000          -7.78574126e+06 -7.58517080e+06 -2.00570464e+05 -1.53934141e-10  0.00000000e+00  0.00000000e+00  0.00000000e+00  0.00000000e+00 -4.42746752e+06  7.42830682e+00  6.40835160e+03  4.69609569e+02  1.11279329e+01
8000000          -7.75085753e+06 -7.55130251e+06 -1.99555017e+05 -1.53934141e-10  0.00000000e+00  0.00000000e+00  0.00000000e+00  0.00000000e+00 -4.30284018e+06  1.52045487e+01  6.39550986e+03  4.68166914e+02  1.11285531e+01
8100000          -7.76921716e+06 -7.56919817e+06 -2.00018983e+05 -1.53934141e-10  0.00000000e+00  0.00000000e+00  0.00000000e+00  0.00000000e+00 -4.41783688e+06  7.40802951e+00  6.39415162e+03  4.69358040e+02  1.11203060e+01
8200000          -7.80517064e+06 -7.60428690e+06 -2.00883738e+05 -1.53934141e-10  0.00000000e+00  0.00000000e+00  0.00000000e+00  0.00000000e+00 -4.35032005e+06  1.23171177e+01  6.40093935e+03  4.70888174e+02  1.11854435e+01
8300000          -7.73983370e+06 -7.54070088e+06 -1.99132817e+05 -1.53934141e-10  0.00000000e+00  0.00000000e+00  0.00000000e+00  0.00000000e+00 -4.33748079e+06  1.12938431e+01  6.36054552e+03  4.69748274e+02  1.11740516e+01
8400000          -7.71852079e+06 -7.51984750e+06 -1.98673289e+05 -1.53934142e-10  0.00000000e+00  0.00000000e+00  0.00000000e+00  0.00000000e+00 -4.31260263e+06  1.26800877e+01  6.35412158e+03  4.69137583e+02  1.11452620e+01
8500000          -7.67980728e+06 -7.48228431e+06 -1.97522966e+05 -1.53934142e-10  0.00000000e+00  0.00000000e+00  0.00000000e+00  0.00000000e+00 -4.31164770e+06  1.22337433e+01  6.34440900e+03  4.67135737e+02  1.11344400e+01
8600000          -7.76310103e+06 -7.56332299e+06 -1.99778040e+05 -1.53934142e-10  0.00000000e+00  0.00000000e+00  0.00000000e+00  0.00000000e+00 -4.32746084e+06  1.32956208e+01  6.38955688e+03  4.69129505e+02  1.11532669e+01
8700000          -7.74559110e+06 -7.54628594e+06 -1.99305165e+05 -1.53934142e-10  0.00000000e+00  0.00000000e+00  0.00000000e+00  0.00000000e+00 -4.41347369e+06  6.90548361e+00  6.37772711e+03  4.68887259e+02  1.11816992e+01
8800000          -7.75898695e+06 -7.55934962e+06 -1.99637326e+05 -1.53934142e-10  0.00000000e+00  0.00000000e+00  0.00000000e+00  0.00000000e+00 -4.37285604e+06  9.37632878e+00  6.37075701e+03  4.70180922e+02  1.11775621e+01
8900000          -7.71158918e+06 -7.51314269e+06 -1.98446495e+05 -1.53934142e-10  0.00000000e+00  0.00000000e+00  0.00000000e+00  0.00000000e+00 -4.35144906e+06  1.00955276e+01  6.35582124e+03  4.68476207e+02  1.11405618e+01
9000000          -7.75500170e+06 -7.55508857e+06 -1.99913133e+05 -1.53934143e-10  0.00000000e+00  0.00000000e+00  0.00000000e+00  0.00000000e+00 -4.37913311e+06  9.78143867e+00  6.38886859e+03  4.69499711e+02  1.11389275e+01
9100000          -7.75846603e+06 -7.55849068e+06 -1.99975359e+05 -1.53934143e-10  0.00000000e+00  0.00000000e+00  0.00000000e+00  0.00000000e+00 -4.47038047e+06  3.53824501e+00  6.38735038e+03  4.69754155e+02  1.11072451e+01
9200000          -7.73327607e+06 -7.53411848e+06 -1.99157588e+05 -1.53934143e-10  0.00000000e+00  0.00000000e+00  0.00000000e+00  0.00000000e+00 -4.35314235e+06  1.02614721e+01  6.36096843e+03  4.69774650e+02  1.11350609e+01
9300000          -7.65173621e+06 -7.45471441e+06 -1.97021797e+05 -1.53934143e-10  0.00000000e+00  0.00000000e+00  0.00000000e+00  0.00000000e+00 -4.28524273e+06  1.29040569e+01  6.31946841e+03  4.67789303e+02  1.11457970e+01
9400000          -7.69039256e+06 -7.49224188e+06 -1.98150679e+05 -1.53934143e-10  0.00000000e+00  0.00000000e+00  0.00000000e+00  0.00000000e+00 -4.29209278e+06  1.29109208e+01  6.32855269e+03  4.69793443e+02  1.11202641e+01
9500000          -7.71461678e+06 -7.51599774e+06 -1.98619038e+05 -1.53934143e-10  0.00000000e+00  0.00000000e+00  0.00000000e+00  0.00000000e+00 -4.32452673e+06  1.06962041e+01  6.32810366e+03  4.70938013e+02  1.11652069e+01
9600000          -7.69622769e+06 -7.49838641e+06 -1.97841276e+05 -1.53934144e-10  0.00000000e+00  0.00000000e+00  0.00000000e+00  0.00000000e+00 -4.33424309e+06  9.08694234e+00  6.30810864e+03  4.70579429e+02  1.12056085e+01
9700000          -7.70121763e+06 -7.50341190e+06 -1.97805733e+05 -1.53934144e-10  0.00000000e+00  0.00000000e+00  0.00000000e+00  0.00000000e+00 -4.32998854e+06  8.90718542e+00  6.29800846e+03  4.71250408e+02  1.11799431e+01
9800000          -7.70057188e+06 -7.50241454e+06 -1.98157334e+05 -1.53934144e-10  0.00000000e+00  0.00000000e+00  0.00000000e+00  0.00000000e+00 -4.27147909e+06  1.38501536e+01  6.31794560e+03  4.70598640e+02  1.11295873e+01
9900000          -7.70245801e+06 -7.50432119e+06 -1.98136823e+05 -1.53934144e-10  0.00000000e+00  0.00000000e+00  0.00000000e+00  0.00000000e+00 -4.33010809e+06  1.03646424e+01  6.32990334e+03  4.69661094e+02  1.11769780e+01
10000000         -7.69676674e+06 -7.49853458e+06 -1.98232164e+05 -1.53934144e-10  0.00000000e+00  0.00000000e+00  0.00000000e+00  0.00000000e+00 -4.28316576e+06  1.33108908e+01  6.32381538e+03  4.70339513e+02  1.11286493e+01
10100000         -7.74475053e+06 -7.54537494e+06 -1.99375595e+05 -1.53934145e-10  0.00000000e+00  0.00000000e+00  0.00000000e+00  0.00000000e+00 -4.28439343e+06  1.35569568e+01  6.32933035e+03  4.72640500e+02  1.12030127e+01
10200000         -7.65931451e+06 -7.46229933e+06 -1.97015182e+05 -1.53934145e-10  0.00000000e+00  0.00000000e+00  0.00000000e+00  0.00000000e+00 -4.28739365e+06  1.13939336e+01  6.28893735e+03  4.70038389e+02  1.11206848e+01
10300000         -7.69027358e+06 -7.49250727e+06 -1.97766312e+05 -1.53934145e-10  0.00000000e+00  0.00000000e+00  0.00000000e+00  0.00000000e+00 -4.28788107e+06  1.12459291e+01  6.28553235e+03  4.72093061e+02  1.11667413e+01
10400000         -7.65363436e+06 -7.45723264e+06 -1.96401720e+05 -1.53934145e-10  0.00000000e+00  0.00000000e+00  0.00000000e+00  0.00000000e+00 -4.36791022e+06  4.15051138e+00  6.25374232e+03  4.71218072e+02  1.11830458e+01
10500000         -7.64497125e+06 -7.44848347e+06 -1.96487785e+05 -1.53934145e-10  0.00000000e+00  0.00000000e+00  0.00000000e+00  0.00000000e+00 -4.35456726e+06  5.77051070e+00  6.26796355e+03  4.70353964e+02  1.11425696e+01
10600000         -7.64698296e+06 -7.45016067e+06 -1.96822297e+05 -1.53934145e-10  0.00000000e+00  0.00000000e+00  0.00000000e+00  0.00000000e+00 -4.22567591e+06  1.49622412e+01  6.27390768e+03  4.70704291e+02  1.11232658e+01
10700000         -7.58226827e+06 -7.38727692e+06 -1.94991352e+05 -1.53934146e-10  0.00000000e+00  0.00000000e+00  0.00000000e+00  0.00000000e+00 -4.24883709e+06  1.15872744e+01  6.23711229e+03  4.69079935e+02  1.10780599e+01
10800000         -7.68378808e+06 -7.48625520e+06 -1.97532874e+05 -1.53934146e-10  0.00000000e+00  0.00000000e+00  0.00000000e+00  0.00000000e+00 -4.22203618e+06  1.52555810e+01  6.27361649e+03  4.72430647e+02  1.12060785e+01
10900000         -7.60031090e+06 -7.40483971e+06 -1.95471188e+05 -1.53934146e-10  0.00000000e+00  0.00000000e+00  0.00000000e+00  0.00000000e+00 -4.23544129e+06  1.26007428e+01  6.23815891e+03  4.70156107e+02  1.11084582e+01
11000000         -7.56297008e+06 -7.36857164e+06 -1.94398436e+05 -1.53934146e-10  0.00000000e+00  0.00000000e+00  0.00000000e+00  0.00000000e+00 -4.21342003e+06  1.28873401e+01  6.21223129e+03  4.69526279e+02  1.11387952e+01
11100000         -7.48090678e+06 -7.28840614e+06 -1.92500640e+05 -1.53934146e-10  0.00000000e+00  0.00000000e+00  0.00000000e+00  0.00000000e+00 -4.22074159e+06  1.12447298e+01  6.18973136e+03  4.66635132e+02  1.10075847e+01
11200000         -7.46470700e+06 -7.27223582e+06 -1.92471179e+05 -1.53934146e-10  0.00000000e+00  0.00000000e+00  0.00000000e+00  0.00000000e+00 -4.30326477e+06  6.03393819e+00  6.20087935e+03  4.65723851e+02  1.09765163e+01
11300000         -7.53920353e+06 -7.34486771e+06 -1.94335824e+05 -1.53934147e-10  0.00000000e+00  0.00000000e+00  0.00000000e+00  0.00000000e+00 -4.28731903e+06  8.39249452e+00  6.22660582e+03  4.68292224e+02  1.10757328e+01
11400000         -7.63148241e+06 -7.43509380e+06 -1.96388609e+05 -1.53934147e-10  0.00000000e+00  0.00000000e+00  0.00000000e+00  0.00000000e+00 -4.33645014e+06  6.33037704e+00  6.25328451e+03  4.71220954e+02  1.11742383e+01
11500000         -7.67785414e+06 -7.48054536e+06 -1.97308776e+05 -1.53934147e-10  0.00000000e+00  0.00000000e+00  0.00000000e+00  0.00000000e+00 -4.25040705e+06  1.25138034e+01  6.25679780e+03  4.73162327e+02  1.12164845e+01
11600000         -7.61784118e+06 -7.42199466e+06 -1.95846522e+05 -1.53934147e-10  0.00000000e+00  0.00000000e+00  0.00000000e+00  0.00000000e+00 -4.22101214e+06  1.40828632e+01  6.24843331e+03  4.70280840e+02  1.11845111e+01
11700000         -7.67704400e+06 -7.47962834e+06 -1.97415663e+05 -1.53934147e-10  0.00000000e+00  0.00000000e+00  0.00000000e+00  0.00000000e+00 -4.24333985e+06  1.37339948e+01  6.27263456e+03  4.72223625e+02  1.11547820e+01
11800000         -7.68296551e+06 -7.48551528e+06 -1.97450234e+05 -1.53934147e-10  0.00000000e+00  0.00000000e+00  0.00000000e+00  0.00000000e+00 -4.24506218e+06  1.35581868e+01  6.27146975e+03  4.72394157e+02  1.12097159e+01
11900000         -7.60398161e+06 -7.40832078e+06 -1.95660832e+05 -1.53934148e-10  0.00000000e+00  0.00000000e+00  0.00000000e+00  0.00000000e+00 -4.33326418e+06  6.36953223e+00  6.25006493e+03  4.69716329e+02  1.11030198e+01
12000000         -7.61427743e+06 -7.41850417e+06 -1.95773260e+05 -1.53934148e-10  0.00000000e+00  0.00000000e+00  0.00000000e+00  0.00000000e+00 -4.31579920e+06  7.39463685e+00  6.24612471e+03  4.70281879e+02  1.11455768e+01
12100000         -7.56240761e+06 -7.36777018e+06 -1.94637423e+05 -1.53934148e-10  0.00000000e+00  0.00000000e+00  0.00000000e+00  0.00000000e+00 -4.21879442e+06  1.26012456e+01  6.21383405e+03  4.69984020e+02  1.11263540e+01
12200000         -7.51826717e+06 -7.32490692e+06 -1.93360241e+05 -1.53934148e-10  0.00000000e+00  0.00000000e+00  0.00000000e+00  0.00000000e+00 -4.30007553e+06  5.56740973e+00  6.18587518e+03  4.69009223e+02  1.10613839e+01
12300000         -7.54054840e+06 -7.34636258e+06 -1.94185823e+05 -1.53934148e-10  0.00000000e+00  0.00000000e+00  0.00000000e+00  0.00000000e+00 -4.25229987e+06  1.00705228e+01  6.21006161e+03  4.69178363e+02  1.10871378e+01
12400000         -7.51246573e+06 -7.31877393e+06 -1.93691794e+05 -1.53934148e-10  0.00000000e+00  0.00000000e+00  0.00000000e+00  0.00000000e+00 -4.24164432e+06  1.09770488e+01  6.21431886e+03  4.67661493e+02  1.10211514e+01
12500000         -7.43060601e+06 -7.23890389e+06 -1.91702122e+05 -1.53934149e-10  0.00000000e+00  0.00000000e+00  0.00000000e+00  0.00000000e+00 -4.18624986e+06  1.31366428e+01  6.17989814e+03  4.65436736e+02  1.09984985e+01
12600000         -7.41110768e+06 -7.21991122e+06 -1.91196461e+05 -1.53934149e-10  0.00000000e+00  0.00000000e+00  0.00000000e+00  0.00000000e+00 -4.19930660e+06  1.09920468e+01  6.15316957e+03  4.66226507e+02  1.10095402e+01
12700000         -7.38979040e+06 -7.19963615e+06 -1.90154251e+05 -1.53934149e-10  0.00000000e+00  0.00000000e+00  0.00000000e+00  0.00000000e+00 -4.18449240e+06  9.98247919e+00  6.11047218e+03  4.66926379e+02  1.10973127e+01
12800000         -7.39401515e+06 -7.20366638e+06 -1.90348770e+05 -1.53934149e-10  0.00000000e+00  0.00000000e+00  0.00000000e+00  0.00000000e+00 -4.17923895e+06  1.00329269e+01  6.10318102e+03  4.67960791e+02  1.10694527e+01
12900000         -7.42245592e+06 -7.23134668e+06 -1.91109240e+05 -1.53934149e-10  0.00000000e+00  0.00000000e+00  0.00000000e+00  0.00000000e+00 -4.13576832e+06  1.37168633e+01  6.11546129e+03  4.68887944e+02  1.10688759e+01
13000000         -7.42720133e+06 -7.23568703e+06 -1.91514296e+05 -1.53934150e-10  0.00000000e+00  0.00000000e+00  0.00000000e+00  0.00000000e+00 -4.10138551e+06  1.64691882e+01  6.12187328e+03  4.69387987e+02  1.10983139e+01
13100000         -7.51447923e+06 -7.32088538e+06 -1.93593851e+05 -1.53934150e-10  0.00000000e+00  0.00000000e+00  0.00000000e+00  0.00000000e+00 -4.26359616e+06  6.88641533e+00  6.15958227e+03  4.71577277e+02  1.11515136e+01
13200000         -7.55879551e+06 -7.36423456e+06 -1.94560947e+05 -1.53934150e-10  0.00000000e+00  0.00000000e+00  0.00000000e+00  0.00000000e+00 -4.32115251e+06  4.07428777e+00  6.18502384e+03  4.71987913e+02  1.11659225e+01
13300000         -7.47398502e+06 -7.28151076e+06 -1.92474262e+05 -1.53934150e-10  0.00000000e+00  0.00000000e+00  0.00000000e+00  0.00000000e+00 -4.20268181e+06  1.06652536e+01  6.14982352e+03  4.69596878e+02  1.10707887e+01
13400000         -7.48816766e+06 -7.29543542e+06 -1.92732240e+05 -1.53934150e-10  0.00000000e+00  0.00000000e+00  0.00000000e+00  0.00000000e+00 -4.19341120e+06  1.12311746e+01  6.14757775e+03  4.70399465e+02  1.11167706e+01
13500000         -7.51892357e+06 -7.32558020e+06 -1.93343369e+05 -1.53934150e-10  0.00000000e+00  0.00000000e+00  0.00000000e+00  0.00000000e+00 -4.18911722e+06  1.18332632e+01  6.15346744e+03  4.71439926e+02  1.11511589e+01
13600000         -7.59898989e+06 -7.40353656e+06 -1.95453332e+05 -1.53934151e-10  0.00000000e+00  0.00000000e+00  0.00000000e+00  0.00000000e+00 -4.27253782e+06  8.41096848e+00  6.20357466e+03  4.72735870e+02  1.11801619e+01
13700000         -7.53992923e+06 -7.34593445e+06 -1.93994778e+05 -1.53934151e-10  0.00000000e+00  0.00000000e+00  0.00000000e+00  0.00000000e+00 -4.26064541e+06  8.60338149e+00  6.19131133e+03  4.70136068e+02  1.11173632e+01
13800000         -7.47956408e+06 -7.28700501e+06 -1.92559073e+05 -1.53934151e-10  0.00000000e+00  0.00000000e+00  0.00000000e+00  0.00000000e+00 -4.19249986e+06  1.20312864e+01  6.16366199e+03  4.68751092e+02  1.10837875e+01
13900000         -7.48932996e+06 -7.29637669e+06 -1.92953266e+05 -1.53934151e-10  0.00000000e+00  0.00000000e+00  0.00000000e+00  0.00000000e+00 -4.23497217e+06  9.98487127e+00  6.18347785e+03  4.68206006e+02  1.10666201e+01
14000000         -7.46120364e+06 -7.26877042e+06 -1.92433215e+05 -1.53934151e-10  0.00000000e+00  0.00000000e+00  0.00000000e+00  0.00000000e+00 -4.23658101e+06  1.01545099e+01  6.19015708e+03  4.66439179e+02  1.10078678e+01
14100000         -7.47161909e+06 -7.27922152e+06 -1.92397573e+05 -1.53934151e-10  0.00000000e+00  0.00000000e+00  0.00000000e+00  0.00000000e+00 -4.24947443e+06  8.68478539e+00  6.17766896e+03  4.67295171e+02  1.10508008e+01
14200000         -7.50533228e+06 -7.31213108e+06 -1.93201200e+05 -1.53934152e-10  0.00000000e+00  0.00000000e+00  0.00000000e+00  0.00000000e+00 -4.16545985e+06  1.44805344e+01  6.17501171e+03  4.69448184e+02  1.11529249e+01
14300000         -7.61976768e+06 -7.42383267e+06 -1.95935007e+05 -1.53934152e-10  0.00000000e+00  0.00000000e+00  0.00000000e+00  0.00000000e+00 -4.21297069e+06  1.31113674e+01  6.21425192e+03  4.73085690e+02  1.11834324e+01
14400000         -7.54812941e+06 -7.35413834e+06 -1.93991065e+05 -1.53934152e-10  0.00000000e+00  0.00000000e+00  0.00000000e+00  0.00000000e+00 -4.18797257e+06  1.31636270e+01  6.17966526e+03  4.71009579e+02  1.11583835e+01
14500000         -7.50890315e+06 -7.31588622e+06 -1.93016933e+05 -1.53934152e-10  0.00000000e+00  0.00000000e+00  0.00000000e+00  0.00000000e+00 -4.21020804e+06  1.10401106e+01  6.16861097e+03  4.69488183e+02  1.10805488e+01
14600000         -7.49641943e+06 -7.30365518e+06 -1.92764249e+05 -1.53934152e-10  0.00000000e+00  0.00000000e+00  0.00000000e+00  0.00000000e+00 -4.14307793e+06  1.58338324e+01  6.17080432e+03  4.68707026e+02  1.11057646e+01
14700000         -7.50684272e+06 -7.31375393e+06 -1.93088786e+05 -1.53934152e-10  0.00000000e+00  0.00000000e+00  0.00000000e+00  0.00000000e+00 -4.19154488e+06  1.26599862e+01  6.17532309e+03  4.69152949e+02  1.10940254e+01
14800000         -7.55943215e+06 -7.36527028e+06 -1.94161872e+05 -1.53934153e-10  0.00000000e+00  0.00000000e+00  0.00000000e+00  0.00000000e+00 -4.26762885e+06  7.68702088e+00  6.18212292e+03  4.71238352e+02  1.11786247e+01
14900000         -7.57456108e+06 -7.37978047e+06 -1.94780614e+05 -1.53934153e-10  0.00000000e+00  0.00000000e+00  0.00000000e+00  0.00000000e+00 -4.18808886e+06  1.41407102e+01  6.20017240e+03  4.71366096e+02  1.11419448e+01
15000000         -7.56488396e+06 -7.37037921e+06 -1.94504746e+05 -1.53934153e-10  0.00000000e+00  0.00000000e+00  0.00000000e+00  0.00000000e+00 -4.26338695e+06  9.30653067e+00  6.21005668e+03  4.69948571e+02  1.11174509e+01
15100000         -7.51922454e+06 -7.32572078e+06 -1.93503762e+05 -1.53934153e-10  0.00000000e+00  0.00000000e+00  0.00000000e+00  0.00000000e+00 -4.13088076e+06  1.81868625e+01  6.20373679e+03  4.68006073e+02  1.10850481e+01
15200000         -7.48519539e+06 -7.29252468e+06 -1.92670714e+05 -1.53934153e-10  0.00000000e+00  0.00000000e+00  0.00000000e+00  0.00000000e+00 -4.21615692e+06  1.15961198e+01  6.19036550e+03  4.66997231e+02  1.10768390e+01
15300000         -7.56121029e+06 -7.36653905e+06 -1.94671234e+05 -1.53934154e-10  0.00000000e+00  0.00000000e+00  0.00000000e+00  0.00000000e+00 -4.29959554e+06  7.44254482e+00  6.22385753e+03  4.69307313e+02  1.11362877e+01
15400000         -7.54996667e+06 -7.35569875e+06 -1.94267918e+05 -1.53934154e-10  0.00000000e+00  0.00000000e+00  0.00000000e+00  0.00000000e+00 -4.19737885e+06  1.39436866e+01  6.21113178e+03  4.69295399e+02  1.10861279e+01
15500000         -7.53954583e+06 -7.34540877e+06 -1.94137056e+05 -1.53934154e-10  0.00000000e+00  0.00000000e+00  0.00000000e+00  0.00000000e+00 -4.28700406e+06  7.57744664e+00  6.20849066e+03  4.69179352e+02  1.11119672e+01
15600000         -7.48936320e+06 -7.29639603e+06 -1.92967164e+05 -1.53934154e-10  0.00000000e+00  0.00000000e+00  0.00000000e+00  0.00000000e+00 -4.24163990e+06  1.04230538e+01  6.20311870e+03  4.66755588e+02  1.10449915e+01
15700000         -7.43022466e+06 -7.23862735e+06 -1.91597307e+05 -1.53934154e-10  0.00000000e+00  0.00000000e+00  0.00000000e+00  0.00000000e+00 -4.18574727e+06  1.34970793e+01  6.18724833e+03  4.64631900e+02  1.09812527e+01
15800000         -7.47961702e+06 -7.28699535e+06 -1.92621671e+05 -1.53934155e-10  0.00000000e+00  0.00000000e+00  0.00000000e+00  0.00000000e+00 -4.22788832e+06  1.11601253e+01  6.19874153e+03  4.66248093e+02  1.10407700e+01
15900000         -7.59699656e+06 -7.40160335e+06 -1.95393213e+05 -1.53934155e-10  0.00000000e+00  0.00000000e+00  0.00000000e+00  0.00000000e+00 -4.20709791e+06  1.54413570e+01  6.25805988e+03  4.68474524e+02  1.10788750e+01
16000000         -7.62662681e+06 -7.43041684e+06 -1.96209967e+05 -1.53934155e-10  0.00000000e+00  0.00000000e+00  0.00000000e+00  0.00000000e+00 -4.29771556e+06  9.92769822e+00  6.27298016e+03  4.69315236e+02  1.10781628e+01
16100000         -7.66149662e+06 -7.46402397e+06 -1.97472650e+05 -1.53934155e-10  0.00000000e+00  0.00000000e+00  0.00000000e+00  0.00000000e+00 -4.28520731e+06  1.24692110e+01  6.30906276e+03  4.69633188e+02  1.11199203e+01
16200000         -7.61907808e+06 -7.42288182e+06 -1.96196266e+05 -1.53934155e-10  0.00000000e+00  0.00000000e+00  0.00000000e+00  0.00000000e+00 -4.24741067e+06  1.43159557e+01  6.29404591e+03  4.67711007e+02  1.10705582e+01
16300000         -7.62578513e+06 -7.42920731e+06 -1.96577819e+05 -1.53934155e-10  0.00000000e+00  0.00000000e+00  0.00000000e+00  0.00000000e+00 -4.30306454e+06  1.12379131e+01  6.30995433e+03  4.67437079e+02  1.10781929e+01
16400000         -7.62794407e+06 -7.43146324e+06 -1.96480836e+05 -1.53934156e-10  0.00000000e+00  0.00000000e+00  0.00000000e+00  0.00000000e+00 -4.30514451e+06  1.12124037e+01  6.31264422e+03  4.67009396e+02  1.10657953e+01
16500000         -7.75535416e+06 -7.55585203e+06 -1.99502125e+05 -1.53934156e-10  0.00000000e+00  0.00000000e+00  0.00000000e+00  0.00000000e+00 -4.40962854e+06  6.51715708e+00  6.36323811e+03  4.70418433e+02  1.11444637e+01
16600000         -7.75987488e+06 -7.56043459e+06 -1.99440287e+05 -1.53934156e-10  0.00000000e+00  0.00000000e+00  0.00000000e+00  0.00000000e+00 -4.37420195e+06  9.44748147e+00  6.37444197e+03  4.69447362e+02  1.11717529e+01
16700000         -7.72819617e+06 -7.52945099e+06 -1.98745185e+05 -1.53934156e-10  0.00000000e+00  0.00000000e+00  0.00000000e+00  0.00000000e+00 -4.34736895e+06  1.06205966e+01  6.36080459e+03  4.68815163e+02  1.11431925e+01
16800000         -7.68223250e+06 -7.48448416e+06 -1.97748336e+05 -1.53934156e-10  0.00000000e+00  0.00000000e+00  0.00000000e+00  0.00000000e+00 -4.37323197e+06  7.97172616e+00  6.34236535e+03  4.67818788e+02  1.10896742e+01
16900000         -7.74704486e+06 -7.54778746e+06 -1.99257395e+05 -1.53934157e-10  0.00000000e+00  0.00000000e+00  0.00000000e+00  0.00000000e+00 -4.35451360e+06  9.94683068e+00  6.35608215e+03  4.70372350e+02  1.11665449e+01
17000000         -7.73363998e+06 -7.53464492e+06 -1.98995065e+05 -1.53934157e-10  0.00000000e+00  0.00000000e+00  0.00000000e+00  0.00000000e+00 -4.30445580e+06  1.30655761e+01  6.35005590e+03  4.70198831e+02  1.10951512e+01
17100000         -7.73559497e+06 -7.53636143e+06 -1.99233540e+05 -1.53934157e-10  0.00000000e+00  0.00000000e+00  0.00000000e+00  0.00000000e+00 -4.36571555e+06  9.49760637e+00  6.36313876e+03  4.69791751e+02  1.11534201e+01
17200000         -7.79952605e+06 -7.59883398e+06 -2.00692072e+05 -1.53934157e-10  0.00000000e+00  0.00000000e+00  0.00000000e+00  0.00000000e+00 -4.28922862e+06  1.60398551e+01  6.39135090e+03  4.71144084e+02  1.11829670e+01
17300000         -7.77121834e+06 -7.57144235e+06 -1.99775983e+05 -1.53934157e-10  0.00000000e+00  0.00000000e+00  0.00000000e+00  0.00000000e+00 -4.38576504e+06  8.92506420e+00  6.38015531e+03  4.69816951e+02  1.11773032e+01
17400000         -7.82738903e+06 -7.62637268e+06 -2.01016350e+05 -1.53934157e-10  0.00000000e+00  0.00000000e+00  0.00000000e+00  0.00000000e+00 -4.37760881e+06  1.00685510e+01  6.39186257e+03  4.71868144e+02  1.11985226e+01
17500000         -7.80899700e+06 -7.60837729e+06 -2.00619702e+05 -1.53934158e-10  0.00000000e+00  0.00000000e+00  0.00000000e+00  0.00000000e+00 -4.33981791e+06  1.22651465e+01  6.38388629e+03  4.71524503e+02  1.11822479e+01
17600000         -7.70371768e+06 -7.50561444e+06 -1.98103240e+05 -1.53934158e-10  0.00000000e+00  0.00000000e+00  0.00000000e+00  0.00000000e+00 -4.30181885e+06  1.30438104e+01  6.34671123e+03  4.68337188e+02  1.11503446e+01
17700000         -7.69798010e+06 -7.50026843e+06 -1.97711669e+05 -1.53934158e-10  0.00000000e+00  0.00000000e+00  0.00000000e+00  0.00000000e+00 -4.36331306e+06  8.40954436e+00  6.33715274e+03  4.68114301e+02  1.11352134e+01
17800000         -7.78323805e+06 -7.58294665e+06 -2.00291398e+05 -1.53934158e-10  0.00000000e+00  0.00000000e+00  0.00000000e+00  0.00000000e+00 -4.35196700e+06  1.15250502e+01  6.38639380e+03  4.70568787e+02  1.11715633e+01
17900000         -7.70174931e+06 -7.50334390e+06 -1.98405412e+05 -1.53934158e-10  0.00000000e+00  0.00000000e+00  0.00000000e+00  0.00000000e+00 -4.35817387e+06  9.92237974e+00  6.36213430e+03  4.67913167e+02  1.11346402e+01
18000000         -7.74641222e+06 -7.54700916e+06 -1.99403065e+05 -1.53934159e-10  0.00000000e+00  0.00000000e+00  0.00000000e+00  0.00000000e+00 -4.38329060e+06  9.64358032e+00  6.39289080e+03  4.68002929e+02  1.11402278e+01
18100000         -7.71515365e+06 -7.51672433e+06 -1.98429319e+05 -1.53934159e-10  0.00000000e+00  0.00000000e+00  0.00000000e+00  0.00000000e+00 -4.36964048e+06  9.92951654e+00  6.37953139e+03  4.66694396e+02  1.10892795e+01
18200000         -7.74626102e+06 -7.54697403e+06 -1.99286992e+05 -1.53934159e-10  0.00000000e+00  0.00000000e+00  0.00000000e+00  0.00000000e+00 -4.39648267e+06  8.75629559e+00  6.39285266e+03  4.67732590e+02  1.11458190e+01
18300000         -7.81842302e+06 -7.61735305e+06 -2.01069967e+05 -1.53934159e-10  0.00000000e+00  0.00000000e+00  0.00000000e+00  0.00000000e+00 -4.39503060e+06  1.03364649e+01  6.42387827e+03  4.69642128e+02  1.11837125e+01
18400000         -7.81768016e+06 -7.61669390e+06 -2.00986266e+05 -1.53934159e-10  0.00000000e+00  0.00000000e+00  0.00000000e+00  0.00000000e+00 -4.43213810e+06  7.47874839e+00  6.41647639e+03  4.69987028e+02  1.11876018e+01
18500000         -7.79768496e+06 -7.59732254e+06 -2.00362415e+05 -1.53934159e-10  0.00000000e+00  0.00000000e+00  0.00000000e+00  0.00000000e+00 -4.34309596e+06  1.25340430e+01  6.39533956e+03  4.70074273e+02  1.11825821e+01
18600000         -7.74785622e+06 -7.54862710e+06 -1.99229116e+05 -1.53934160e-10  0.00000000e+00  0.00000000e+00  0.00000000e+00  0.00000000e+00 -4.34223588e+06  1.12134541e+01  6.36583082e+03  4.69584439e+02  1.11145751e+01
18700000         -7.73772753e+06 -7.53859169e+06 -1.99135845e+05 -1.53934160e-10  0.00000000e+00  0.00000000e+00  0.00000000e+00  0.00000000e+00 -4.42008255e+06  6.08719889e+00  6.36936457e+03  4.69103903e+02  1.11390237e+01
18800000         -7.81515295e+06 -7.61414650e+06 -2.01006445e+05 -1.53934160e-10  0.00000000e+00  0.00000000e+00  0.00000000e+00  0.00000000e+00 -4.34243022e+06  1.27911100e+01  6.39940633e+03  4.71287795e+02  1.12102184e+01
18900000         -7.81965132e+06 -7.61866530e+06 -2.00986025e+05 -1.53934160e-10  0.00000000e+00  0.00000000e+00  0.00000000e+00  0.00000000e+00 -4.41485075e+06  7.65501467e+00  6.39443779e+03  4.71602163e+02  1.11950702e+01
19000000         -7.72013318e+06 -7.52144836e+06 -1.98684819e+05 -1.53934160e-10  0.00000000e+00  0.00000000e+00  0.00000000e+00  0.00000000e+00 -4.31170014e+06  1.27358708e+01  6.35388298e+03  4.69182954e+02  1.11156001e+01
19100000         -7.69687075e+06 -7.49869260e+06 -1.98178148e+05 -1.53934161e-10  0.00000000e+00  0.00000000e+00  0.00000000e+00  0.00000000e+00 -4.33089803e+06  1.09418308e+01  6.34377331e+03  4.68731583e+02  1.10875746e+01
19200000         -7.69674926e+06 -7.49861099e+06 -1.98138268e+05 -1.53934161e-10  0.00000000e+00  0.00000000e+00  0.00000000e+00  0.00000000e+00 -4.43881590e+06  3.43308294e+00  6.34041027e+03  4.68886242e+02  1.10768554e+01
19300000         -7.68571042e+06 -7.48766481e+06 -1.98045610e+05 -1.53934161e-10  0.00000000e+00  0.00000000e+00  0.00000000e+00  0.00000000e+00 -4.29023743e+06  1.42334151e+01  6.35602356e+03  4.67514293e+02  1.10727443e+01
19400000         -7.65771751e+06 -7.46090014e+06 -1.96817375e+05 -1.53934161e-10  0.00000000e+00  0.00000000e+00  0.00000000e+00  0.00000000e+00 -4.38495936e+06  6.69070146e+00  6.33237833e+03  4.66349412e+02  1.10873734e+01
19500000         -7.68996948e+06 -7.49191955e+06 -1.98049928e+05 -1.53934161e-10  0.00000000e+00  0.00000000e+00  0.00000000e+00  0.00000000e+00 -4.36602374e+06  9.11661429e+00  6.35635426e+03  4.67502032e+02  1.10719666e+01
19600000         -7.63748036e+06 -7.44063773e+06 -1.96842632e+05 -1.53934161e-10  0.00000000e+00  0.00000000e+00  0.00000000e+00  0.00000000e+00 -4.27925973e+06  1.43301348e+01  6.34318195e+03  4.65616793e+02  1.11129903e+01
19700000         -7.71018312e+06 -7.51121438e+06 -1.98968741e+05 -1.53934162e-10  0.00000000e+00  0.00000000e+00  0.00000000e+00  0.00000000e+00 -4.32286164e+06  1.30582101e+01  6.37809713e+03  4.68070227e+02  1.11274876e+01
19800000         -7.69558907e+06 -7.49711974e+06 -1.98469329e+05 -1.53934162e-10  0.00000000e+00  0.00000000e+00  0.00000000e+00  0.00000000e+00 -4.36912355e+06  9.58850035e+00  6.37104961e+03  4.67410753e+02  1.11083637e+01
19900000         -7.71272960e+06 -7.51405270e+06 -1.98676906e+05 -1.53934162e-10  0.00000000e+00  0.00000000e+00  0.00000000e+00  0.00000000e+00 -4.38198109e+06  9.07802554e+00  6.37877059e+03  4.67332918e+02  1.10631563e+01
20000000         -7.75523047e+06 -7.55557123e+06 -1.99659235e+05 -1.53934162e-10  0.00000000e+00  0.00000000e+00  0.00000000e+00  0.00000000e+00 -4.35312255e+06  1.15106892e+01  6.38852889e+03  4.68922966e+02  1.11155154e+01
20100000         -7.77672092e+06 -7.57678487e+06 -1.99936043e+05 -1.53934162e-10  0.00000000e+00  0.00000000e+00  0.00000000e+00  0.00000000e+00 -4.34553161e+06  1.20199724e+01  6.38823200e+03  4.69594403e+02  1.11663549e+01
20200000         -7.75529543e+06 -7.55577131e+06 -1.99524119e+05 -1.53934162e-10  0.00000000e+00  0.00000000e+00  0.00000000e+00  0.00000000e+00 -4.30997135e+06  1.38305533e+01  6.37489143e+03  4.69611017e+02  1.11615838e+01
20300000         -7.75722393e+06 -7.55763261e+06 -1.99591326e+05 -1.53934163e-10  0.00000000e+00  0.00000000e+00  0.00000000e+00  0.00000000e+00 -4.33005792e+06  1.28002165e+01  6.38254082e+03  4.69204965e+02  1.11450419e+01
20400000         -7.76395969e+06 -7.56421529e+06 -1.99744399e+05 -1.53934163e-10  0.00000000e+00  0.00000000e+00  0.00000000e+00  0.00000000e+00 -4.32830851e+06  1.30484115e+01  6.38510095e+03  4.69378979e+02  1.11357330e+01
20500000         -7.78300796e+06 -7.58281228e+06 -2.00195680e+05 -1.53934163e-10  0.00000000e+00  0.00000000e+00  0.00000000e+00  0.00000000e+00 -4.41650248e+06  7.26722905e+00  6.38920384e+03  4.70136973e+02  1.11949472e+01
20600000         -7.79553099e+06 -7.59507712e+06 -2.00453869e+05 -1.53934163e-10  0.00000000e+00  0.00000000e+00  0.00000000e+00  0.00000000e+00 -4.35635092e+06  1.15726909e+01  6.39371591e+03  4.70408791e+02  1.11829097e+01
20700000         -7.73601307e+06 -7.53664400e+06 -1.99369065e+05 -1.53934163e-10  0.00000000e+00  0.00000000e+00  0.00000000e+00  0.00000000e+00 -4.40879628e+06  7.45210108e+00  6.38265278e+03  4.68676962e+02  1.11531350e+01
20800000         -7.73012434e+06 -7.53093219e+06 -1.99192150e+05 -1.53934163e-10  0.00000000e+00  0.00000000e+00  0.00000000e+00  0.00000000e+00 -4.30401835e+06  1.46001297e+01  6.38385748e+03  4.68172091e+02  1.10839787e+01
20900000         -7.66286674e+06 -7.46525051e+06 -1.97616230e+05 -1.53934164e-10  0.00000000e+00  0.00000000e+00  0.00000000e+00  0.00000000e+00 -4.32208546e+06  1.18654686e+01  6.35173057e+03  4.66815883e+02  1.10657331e+01
21000000         -7.64329556e+06 -7.44634286e+06 -1.96952699e+05 -1.53934164e-10  0.00000000e+00  0.00000000e+00  0.00000000e+00  0.00000000e+00 -4.36154426e+06  8.50127303e+00  6.33698344e+03  4.66331434e+02  1.10521101e+01
21100000         -7.63360641e+06 -7.43692291e+06 -1.96683503e+05 -1.53934164e-10  0.00000000e+00  0.00000000e+00  0.00000000e+00  0.00000000e+00 -4.35063951e+06  8.60175057e+00  6.32335503e+03  4.66698066e+02  1.10318607e+01
21200000         -7.58938613e+06 -7.39366140e+06 -1.95724730e+05 -1.53934164e-10  0.00000000e+00  0.00000000e+00  0.00000000e+00  0.00000000e+00 -4.26712041e+06  1.31745084e+01  6.29962047e+03  4.66172646e+02  1.10421515e+01
21300000         -7.52301090e+06 -7.32900742e+06 -1.94003477e+05 -1.53934164e-10  0.00000000e+00  0.00000000e+00  0.00000000e+00  0.00000000e+00 -4.27977735e+06  1.04176745e+01  6.25947434e+03  4.65037304e+02  1.09852172e+01
21400000         -7.57662015e+06 -7.38152191e+06 -1.95098243e+05 -1.53934165e-10  0.00000000e+00  0.00000000e+00  0.00000000e+00  0.00000000e+00 -4.26892124e+06  1.17572036e+01  6.27155622e+03  4.66757886e+02  1.10727344e+01
21500000         -7.56281095e+06 -7.36805802e+06 -1.94752934e+05 -1.53934165e-10  0.00000000e+00  0.00000000e+00  0.00000000e+00  0.00000000e+00 -4.35787410e+06  6.01630348e+00  6.27927508e+03  4.65362079e+02  1.10059876e+01
21600000         -7.61175468e+06 -7.41579653e+06 -1.95958150e+05 -1.53934165e-10  0.00000000e+00  0.00000000e+00  0.00000000e+00  0.00000000e+00 -4.31889168e+06  9.52206220e+00  6.29656359e+03  4.66956773e+02  1.10493052e+01
21700000         -7.70474950e+06 -7.50663730e+06 -1.98112193e+05 -1.53934165e-10  0.00000000e+00  0.00000000e+00  0.00000000e+00  0.00000000e+00 -4.28624348e+06  1.36001937e+01  6.33515387e+03  4.69210774e+02  1.11459718e+01
21800000         -7.73034175e+06 -7.53162487e+06 -1.98716874e+05 -1.53934165e-10  0.00000000e+00  0.00000000e+00  0.00000000e+00  0.00000000e+00 -4.29949647e+06  1.33654847e+01  6.34936177e+03  4.69592885e+02  1.11322664e+01
21900000         -7.71808830e+06 -7.51983488e+06 -1.98253418e+05 -1.53934165e-10  0.00000000e+00  0.00000000e+00  0.00000000e+00  0.00000000e+00 -4.34141035e+06  9.62773795e+00  6.33046970e+03  4.69895270e+02  1.11292292e+01
22000000         -7.69761903e+06 -7.49960512e+06 -1.98013907e+05 -1.53934166e-10  0.00000000e+00  0.00000000e+00  0.00000000e+00  0.00000000e+00 -4.33873109e+06  1.01923052e+01  6.33902764e+03  4.68693118e+02  1.11350570e+01
22100000         -7.76757951e+06 -7.56771975e+06 -1.99859760e+05 -1.53934166e-10  0.00000000e+00  0.00000000e+00  0.00000000e+00  0.00000000e+00 -4.38235522e+06  8.95597361e+00  6.37537142e+03  4.70363309e+02  1.11749445e+01
22200000         -7.76932040e+06 -7.56944996e+06 -1.99870439e+05 -1.53934166e-10  0.00000000e+00  0.00000000e+00  0.00000000e+00  0.00000000e+00 -4.31705368e+06  1.32810521e+01  6.37280282e+03  4.70579099e+02  1.11811120e+01
22300000         -7.71465576e+06 -7.51622805e+06 -1.98427709e+05 -1.53934166e-10  0.00000000e+00  0.00000000e+00  0.00000000e+00  0.00000000e+00 -4.26780808e+06  1.46554158e+01  6.32990836e+03  4.70350673e+02  1.11345062e+01
22400000         -7.72827111e+06 -7.52978089e+06 -1.98490219e+05 -1.53934166e-10  0.00000000e+00  0.00000000e+00  0.00000000e+00  0.00000000e+00 -4.30986408e+06  1.19718811e+01  6.33443354e+03  4.70163129e+02  1.11319066e+01
22500000         -7.72483618e+06 -7.52636714e+06 -1.98469040e+05 -1.53934167e-10  0.00000000e+00  0.00000000e+00  0.00000000e+00  0.00000000e+00 -4.36807641e+06  8.47296275e+00  6.34493488e+03  4.69333939e+02  1.11615513e+01
22600000         -7.61856977e+06 -7.42256284e+06 -1.96006929e+05 -1.53934167e-10  0.00000000e+00  0.00000000e+00  0.00000000e+00  0.00000000e+00 -4.29694848e+06  1.14526043e+01  6.30638325e+03  4.66342532e+02  1.10711286e+01
22700000         -7.56614515e+06 -7.37118606e+06 -1.94959095e+05 -1.53934167e-10  0.00000000e+00  0.00000000e+00  0.00000000e+00  0.00000000e+00 -4.28539503e+06  1.18560384e+01  6.29907155e+03  4.64390698e+02  1.10183491e+01
22800000         -7.55288802e+06 -7.35830411e+06 -1.94583912e+05 -1.53934167e-10  0.00000000e+00  0.00000000e+00  0.00000000e+00  0.00000000e+00 -4.31615799e+06  9.08665134e+00  6.28440048e+03  4.64578662e+02  1.10312335e+01
22900000         -7.57396004e+06 -7.37907194e+06 -1.94888097e+05 -1.53934167e-10  0.00000000e+00  0.00000000e+00  0.00000000e+00  0.00000000e+00 -4.27519865e+06  1.12652524e+01  6.27020761e+03  4.66359085e+02  1.10583831e+01
23000000         -7.59182584e+06 -7.39619122e+06 -1.95634620e+05 -1.53934167e-10  0.00000000e+00  0.00000000e+00  0.00000000e+00  0.00000000e+00 -4.31520540e+06  8.94528301e+00  6.27875943e+03  4.67507669e+02  1.10861076e+01
23100000         -7.58542566e+06 -7.39041643e+06 -1.95009223e+05 -1.53934168e-10  0.00000000e+00  0.00000000e+00  0.00000000e+00  0.00000000e+00 -4.32806159e+06  8.06030526e+00  6.27926797e+03  4.65975715e+02  1.10983380e+01
23200000         -7.66049115e+06 -7.46344536e+06 -1.97045795e+05 -1.53934168e-10  0.00000000e+00  0.00000000e+00  0.00000000e+00  0.00000000e+00 -4.33473611e+06  8.98999156e+00  6.30775047e+03  4.68714698e+02  1.11553017e+01
23300000         -7.67617114e+06 -7.47877164e+06 -1.97399495e+05 -1.53934168e-10  0.00000000e+00  0.00000000e+00  0.00000000e+00  0.00000000e+00 -4.33120106e+06  9.35929450e+00  6.31020255e+03  4.69373321e+02  1.11418643e+01
23400000         -7.63265024e+06 -7.43626657e+06 -1.96383669e+05 -1.53934168e-10  0.00000000e+00  0.00000000e+00  0.00000000e+00  0.00000000e+00 -4.27793374e+06  1.20657762e+01  6.29038141e+03  4.68429774e+02  1.11189556e+01
23500000         -7.64094417e+06 -7.44443244e+06 -1.96511730e+05 -1.53934168e-10  0.00000000e+00  0.00000000e+00  0.00000000e+00  0.00000000e+00 -4.30165168e+06  1.02589159e+01  6.28631752e+03  4.69036428e+02  1.11564488e+01
23600000         -7.66579205e+06 -7.46828707e+06 -1.97504980e+05 -1.53934168e-10  0.00000000e+00  0.00000000e+00  0.00000000e+00  0.00000000e+00 -4.33181707e+06  9.36396517e+00  6.31097103e+03  4.69568465e+02  1.11162907e+01
23700000         -7.62480949e+06 -7.42848985e+06 -1.96319644e+05 -1.53934169e-10  0.00000000e+00  0.00000000e+00  0.00000000e+00  0.00000000e+00 -4.29097963e+06  1.11722334e+01  6.29029352e+03  4.68283408e+02  1.10841556e+01
23800000         -7.52911617e+06 -7.33477884e+06 -1.94337329e+05 -1.53934169e-10  0.00000000e+00  0.00000000e+00  0.00000000e+00  0.00000000e+00 -4.28038384e+06  1.02567529e+01  6.25650838e+03  4.66058701e+02  1.10240696e+01
23900000         -7.51839871e+06 -7.32465591e+06 -1.93742800e+05 -1.53934169e-10  0.00000000e+00  0.00000000e+00  0.00000000e+00  0.00000000e+00 -4.26592088e+06  1.06664571e+01  6.24428072e+03  4.65542166e+02  1.09790697e+01
24000000         -7.58900541e+06 -7.39362672e+06 -1.95378691e+05 -1.53934169e-10  0.00000000e+00  0.00000000e+00  0.00000000e+00  0.00000000e+00 -4.30376537e+06  9.57005790e+00  6.27566030e+03  4.67125056e+02  1.10445306e+01
24100000         -7.57485054e+06 -7.37975244e+06 -1.95098097e+05 -1.53934169e-10  0.00000000e+00  0.00000000e+00  0.00000000e+00  0.00000000e+00 -4.24952099e+06  1.29709560e+01  6.26867663e+03  4.66975714e+02  1.10062229e+01
24200000         -7.53861628e+06 -7.34431203e+06 -1.94304252e+05 -1.53934170e-10  0.00000000e+00  0.00000000e+00  0.00000000e+00  0.00000000e+00 -4.24612031e+06  1.30488633e+01  6.26654695e+03  4.65233270e+02  1.09732512e+01
24300000         -7.64752857e+06 -7.45044982e+06 -1.97078750e+05 -1.53934170e-10  0.00000000e+00  0.00000000e+00  0.00000000e+00  0.00000000e+00 -4.26645685e+06  1.42905981e+01  6.32187203e+03  4.67744923e+02  1.10959375e+01
24400000         -7.62276921e+06 -7.42632818e+06 -1.96441025e+05 -1.53934170e-10  0.00000000e+00  0.00000000e+00  0.00000000e+00  0.00000000e+00 -4.34901458e+06  8.58528730e+00  6.32083413e+03  4.66309069e+02  1.10631740e+01
24500000         -7.55727686e+06 -7.36257884e+06 -1.94698025e+05 -1.53934170e-10  0.00000000e+00  0.00000000e+00  0.00000000e+00  0.00000000e+00 -4.24478328e+06  1.37751168e+01  6.28025971e+03  4.65157485e+02  1.10385981e+01
24600000         -7.55070261e+06 -7.35619351e+06 -1.94509095e+05 -1.53934170e-10  0.00000000e+00  0.00000000e+00  0.00000000e+00  0.00000000e+00 -4.27021762e+06  1.17767595e+01  6.27455341e+03  4.65128538e+02  1.10440826e+01
24700000         -7.58536629e+06 -7.38958089e+06 -1.95785394e+05 -1.53934170e-10  0.00000000e+00  0.00000000e+00  0.00000000e+00  0.00000000e+00 -4.31542481e+06  1.00504890e+01  6.30336949e+03  4.66037968e+02  1.10194604e+01
24800000         -7.65234212e+06 -7.45536029e+06 -1.96981826e+05 -1.53934170e-10  0.00000000e+00  0.00000000e+00  0.00000000e+00  0.00000000e+00 -4.31223640e+06  1.03137922e+01  6.30306981e+03  4.68910296e+02  1.10875127e+01
24900000         -7.66509867e+06 -7.46796275e+06 -1.97135928e+05 -1.53934171e-10  0.00000000e+00  0.00000000e+00  0.00000000e+00  0.00000000e+00 -4.32091293e+06  9.88059337e+00  6.30647552e+03  4.69025103e+02  1.11208730e+01
25000000         -7.62395321e+06 -7.42770972e+06 -1.96243487e+05 -1.53934171e-10  0.00000000e+00  0.00000000e+00  0.00000000e+00  0.00000000e+00 -4.28512003e+06  1.12613044e+01  6.28362859e+03  4.68598473e+02  1.10871953e+01
25100000         -7.54476102e+06 -7.35046981e+06 -1.94291210e+05 -1.53934171e-10  0.00000000e+00  0.00000000e+00  0.00000000e+00  0.00000000e+00 -4.28593180e+06  9.96711716e+00  6.25850589e+03  4.65799229e+02  1.10593987e+01
25200000         -7.54614546e+06 -7.35151834e+06 -1.94627117e+05 -1.53934171e-10  0.00000000e+00  0.00000000e+00  0.00000000e+00  0.00000000e+00 -4.33122925e+06  7.02107571e+00  6.26200626e+03  4.66343713e+02  1.10353459e+01
25300000         -7.61826405e+06 -7.42213263e+06 -1.96131423e+05 -1.53934171e-10  0.00000000e+00  0.00000000e+00  0.00000000e+00  0.00000000e+00 -4.23989433e+06  1.40180707e+01  6.27590158e+03  4.68905562e+02  1.10989973e+01
25400000         -7.67962473e+06 -7.48189449e+06 -1.97730246e+05 -1.53934171e-10  0.00000000e+00  0.00000000e+00  0.00000000e+00  0.00000000e+00 -4.32144474e+06  1.02057932e+01  6.31369835e+03  4.69898164e+02  1.11384629e+01
25500000         -7.66036538e+06 -7.46322005e+06 -1.97145324e+05 -1.53934172e-10  0.00000000e+00  0.00000000e+00  0.00000000e+00  0.00000000e+00 -4.32552546e+06  9.27012513e+00  6.29975263e+03  4.69546102e+02  1.10854719e+01
25600000         -7.61949469e+06 -7.42324288e+06 -1.96251817e+05 -1.53934172e-10  0.00000000e+00  0.00000000e+00  0.00000000e+00  0.00000000e+00 -4.32776180e+06  8.83582883e+00  6.29465984e+03  4.67797793e+02  1.10630105e+01
25700000         -7.59451021e+06 -7.39889120e+06 -1.95619015e+05 -1.53934172e-10  0.00000000e+00  0.00000000e+00  0.00000000e+00  0.00000000e+00 -4.26132581e+06  1.28507815e+01  6.28341931e+03  4.67123132e+02  1.10590679e+01
25800000         -7.58186266e+06 -7.38643460e+06 -1.95428061e+05 -1.53934172e-10  0.00000000e+00  0.00000000e+00  0.00000000e+00  0.00000000e+00 -4.32586218e+06  7.48286080e+00  6.26290718e+03  4.68195878e+02  1.10454373e+01
25900000         -7.65387798e+06 -7.45684801e+06 -1.97029966e+05 -1.53934172e-10  0.00000000e+00  0.00000000e+00  0.00000000e+00  0.00000000e+00 -4.26607105e+06  1.23529490e+01  6.27749714e+03  4.70935058e+02  1.10940755e+01
26000000         -7.68349426e+06 -7.48602354e+06 -1.97470724e+05 -1.53934173e-10  0.00000000e+00  0.00000000e+00  0.00000000e+00  0.00000000e+00 -4.29358474e+06  1.07477073e+01  6.28358243e+03  4.71532422e+02  1.11876312e+01
26100000         -7.58813972e+06 -7.39309263e+06 -1.95047089e+05 -1.53934173e-10  0.00000000e+00  0.00000000e+00  0.00000000e+00  0.00000000e+00 -4.25074534e+06  1.18653490e+01  6.24622194e+03  4.68528077e+02  1.11092890e+01
26200000         -7.59820805e+06 -7.40265824e+06 -1.95549809e+05 -1.53934173e-10  0.00000000e+00  0.00000000e+00  0.00000000e+00  0.00000000e+00 -4.27963612e+06  1.02266920e+01  6.25321237e+03  4.69212760e+02  1.10905669e+01
26300000         -7.66139897e+06 -7.46451063e+06 -1.96888343e+05 -1.53934173e-10  0.00000000e+00  0.00000000e+00  0.00000000e+00  0.00000000e+00 -4.26680622e+06  1.15043912e+01  6.26023666e+03  4.71895382e+02  1.11955348e+01
26400000         -7.63618080e+06 -7.43970859e+06 -1.96472213e+05 -1.53934173e-10  0.00000000e+00  0.00000000e+00  0.00000000e+00  0.00000000e+00 -4.30505195e+06  9.54724721e+00  6.27587729e+03  4.69723221e+02  1.11318397e+01
26500000         -7.65870794e+06 -7.46145121e+06 -1.97256727e+05 -1.53934173e-10  0.00000000e+00  0.00000000e+00  0.00000000e+00  0.00000000e+00 -4.34095050e+06  8.39232127e+00  6.30352287e+03  4.69532005e+02  1.11150663e+01
26600000         -7.66032207e+06 -7.46295710e+06 -1.97364965e+05 -1.53934174e-10  0.00000000e+00  0.00000000e+00  0.00000000e+00  0.00000000e+00 -4.31060527e+06  1.04546398e+01  6.30299235e+03  4.69828773e+02  1.11134707e+01
26700000         -7.60130293e+06 -7.40557460e+06 -1.95728331e+05 -1.53934174e-10  0.00000000e+00  0.00000000e+00  0.00000000e+00  0.00000000e+00 -4.34153445e+06  6.91951198e+00  6.27413456e+03  4.68073767e+02  1.10859756e+01
26800000         -7.59714376e+06 -7.40151702e+06 -1.95626745e+05 -1.53934174e-10  0.00000000e+00  0.00000000e+00  0.00000000e+00  0.00000000e+00 -4.36461038e+06  5.22895827e+00  6.27187787e+03  4.68000408e+02  1.10883100e+01
26900000         -7.63544661e+06 -7.43921757e+06 -1.96229047e+05 -1.53934174e-10  0.00000000e+00  0.00000000e+00  0.00000000e+00  0.00000000e+00 -4.25599124e+06  1.28437545e+01  6.27440876e+03  4.69253594e+02  1.11335579e+01
27000000         -7.68435020e+06 -7.48652412e+06 -1.97826081e+05 -1.53934174e-10  0.00000000e+00  0.00000000e+00  0.00000000e+00  0.00000000e+00 -4.36217432e+06  7.07102610e+00  6.30608248e+03  4.70696149e+02  1.11494450e+01
27100000         -7.66898516e+06 -7.47144684e+06 -1.97538326e+05 -1.53934175e-10  0.00000000e+00  0.00000000e+00  0.00000000e+00  0.00000000e+00 -4.42527577e+06  3.06932297e+00  6.31346116e+03  4.69462782e+02  1.11132410e+01
27200000         -7.63347161e+06 -7.43660433e+06 -1.96867284e+05 -1.53934175e-10  0.00000000e+00  0.00000000e+00  0.00000000e+00  0.00000000e+00 -4.27782177e+06  1.31791446e+01  6.31457287e+03  4.67785352e+02  1.10865146e+01
27300000         -7.66466238e+06 -7.46740067e+06 -1.97261711e+05 -1.53934175e-10  0.00000000e+00  0.00000000e+00  0.00000000e+00  0.00000000e+00 -4.37849042e+06  5.95922058e+00  6.30690503e+03  4.69291986e+02  1.11205585e+01
27400000         -7.63044740e+06 -7.43397779e+06 -1.96469605e+05 -1.53934175e-10  0.00000000e+00  0.00000000e+00  0.00000000e+00  0.00000000e+00 -4.29903442e+06  1.04410486e+01  6.28638980e+03  4.68932178e+02  1.11120266e+01
27500000         -7.63257837e+06 -7.43634881e+06 -1.96229556e+05 -1.53934175e-10  0.00000000e+00  0.00000000e+00  0.00000000e+00  0.00000000e+00 -4.27378415e+06  1.16042456e+01  6.27391958e+03  4.69290666e+02  1.11312906e+01
27600000         -7.65583606e+06 -7.45883321e+06 -1.97002849e+05 -1.53934176e-10  0.00000000e+00  0.00000000e+00  0.00000000e+00  0.00000000e+00 -4.35358536e+06  6.87668044e+00  6.28985674e+03  4.69946397e+02  1.11320162e+01
27700000         -7.67832366e+06 -7.48081280e+06 -1.97510863e+05 -1.53934176e-10  0.00000000e+00  0.00000000e+00  0.00000000e+00  0.00000000e+00 -4.32080163e+06  9.40082540e+00  6.29539682e+03  4.70743314e+02  1.11542380e+01
27800000         -7.65058972e+06 -7.45387801e+06 -1.96711707e+05 -1.53934176e-10  0.00000000e+00  0.00000000e+00  0.00000000e+00  0.00000000e+00 -4.28444287e+06  1.10359357e+01  6.27716374e+03  4.70201328e+02  1.11828971e+01
27900000         -7.65482376e+06 -7.45828793e+06 -1.96535836e+05 -1.53934176e-10  0.00000000e+00  0.00000000e+00  0.00000000e+00  0.00000000e+00 -4.34818280e+06  6.30026868e+00  6.26995323e+03  4.70321422e+02  1.11304462e+01
28000000         -7.69595235e+06 -7.49854339e+06 -1.97408955e+05 -1.53934176e-10  0.00000000e+00  0.00000000e+00  0.00000000e+00  0.00000000e+00 -4.34918003e+06  6.70416491e+00  6.27955549e+03  4.71685617e+02  1.12264534e+01
28100000         -7.70867274e+06 -7.51091528e+06 -1.97757464e+05 -1.53934176e-10  0.00000000e+00  0.00000000e+00  0.00000000e+00  0.00000000e+00 -4.28242947e+06  1.17831347e+01  6.28904251e+03  4.71807791e+02  1.12069090e+01
28200000         -7.75077087e+06 -7.55155139e+06 -1.99219485e+05 -1.53934177e-10  0.00000000e+00  0.00000000e+00  0.00000000e+00  0.00000000e+00 -4.28715071e+06  1.29787802e+01  6.32073156e+03  4.72911673e+02  1.12013580e+01
28300000         -7.71578078e+06 -7.51745598e+06 -1.98324794e+05 -1.53934177e-10  0.00000000e+00  0.00000000e+00  0.00000000e+00  0.00000000e+00 -4.29279500e+06  1.19592898e+01  6.30813333e+03  4.71728980e+02  1.11759752e+01
28400000         -7.65318425e+06 -7.45611843e+06 -1.97065818e+05 -1.53934177e-10  0.00000000e+00  0.00000000e+00  0.00000000e+00  0.00000000e+00 -4.31621512e+06  9.48469611e+00  6.29067020e+03  4.70035449e+02  1.11387900e+01
28500000         -7.58577587e+06 -7.39022104e+06 -1.95554832e+05 -1.53934177e-10  0.00000000e+00  0.00000000e+00  0.00000000e+00  0.00000000e+00 -4.28017672e+06  1.14253520e+01  6.28057112e+03  4.67181741e+02  1.10876633e+01
28600000         -7.61144481e+06 -7.41565267e+06 -1.95792146e+05 -1.53934177e-10  0.00000000e+00  0.00000000e+00  0.00000000e+00  0.00000000e+00 -4.36695091e+06  5.75093425e+00  6.28633362e+03  4.67318093e+02  1.10704884e+01
28700000         -7.67683936e+06 -7.47953493e+06 -1.97304430e+05 -1.53934177e-10  0.00000000e+00  0.00000000e+00  0.00000000e+00  0.00000000e+00 -4.26346993e+06  1.40431921e+01  6.31111428e+03  4.69080903e+02  1.11245111e+01
28800000         -7.65905706e+06 -7.46198740e+06 -1.97069656e+05 -1.53934178e-10  0.00000000e+00  0.00000000e+00  0.00000000e+00  0.00000000e+00 -4.28425643e+06  1.25524082e+01  6.31009950e+03  4.68598001e+02  1.11420630e+01
28900000         -7.66614455e+06 -7.46862029e+06 -1.97524265e+05 -1.53934178e-10  0.00000000e+00  0.00000000e+00  0.00000000e+00  0.00000000e+00 -4.26630733e+06  1.43476380e+01  6.32227355e+03  4.68770341e+02  1.11009436e+01
29000000         -7.66456005e+06 -7.46718245e+06 -1.97377599e+05 -1.53934178e-10  0.00000000e+00  0.00000000e+00  0.00000000e+00  0.00000000e+00 -4.36329849e+06  8.09386332e+00  6.33045714e+03  4.67818971e+02  1.10462651e+01
29100000         -7.65452742e+06 -7.45748738e+06 -1.97040040e+05 -1.53934178e-10  0.00000000e+00  0.00000000e+00  0.00000000e+00  0.00000000e+00 -4.30826318e+06  1.15006536e+01  6.32341213e+03  4.67539595e+02  1.10791637e+01
29200000         -7.66822286e+06 -7.47074432e+06 -1.97478537e+05 -1.53934178e-10  0.00000000e+00  0.00000000e+00  0.00000000e+00  0.00000000e+00 -4.32483574e+06  1.10263106e+01  6.33730009e+03  4.67554969e+02  1.10418939e+01
29300000         -7.67715896e+06 -7.47955033e+06 -1.97608629e+05 -1.53934178e-10  0.00000000e+00  0.00000000e+00  0.00000000e+00  0.00000000e+00 -4.28491671e+06  1.39918848e+01  6.34284455e+03  4.67453551e+02  1.11051737e+01
29400000         -7.71129883e+06 -7.51273538e+06 -1.98563452e+05 -1.53934179e-10  0.00000000e+00  0.00000000e+00  0.00000000e+00  0.00000000e+00 -4.37741168e+06  8.94092433e+00  6.36920392e+03  4.67767648e+02  1.10968390e+01
29500000         -7.76468241e+06 -7.56475769e+06 -1.99924717e+05 -1.53934179e-10  0.00000000e+00  0.00000000e+00  0.00000000e+00  0.00000000e+00 -4.36490010e+06  1.03489579e+01  6.37995786e+03  4.70181815e+02  1.11397142e+01
29600000         -7.68685191e+06 -7.48901134e+06 -1.97840563e+05 -1.53934179e-10  0.00000000e+00  0.00000000e+00  0.00000000e+00  0.00000000e+00 -4.32234396e+06  1.08734136e+01  6.32948128e+03  4.68985659e+02  1.11151081e+01
29700000         -7.64400422e+06 -7.44739855e+06 -1.96605668e+05 -1.53934179e-10  0.00000000e+00  0.00000000e+00  0.00000000e+00  0.00000000e+00 -4.24606672e+06  1.47195873e+01  6.30072671e+03  4.68189473e+02  1.10931521e+01
29800000         -7.59501002e+06 -7.39952004e+06 -1.95489975e+05 -1.53934179e-10  0.00000000e+00  0.00000000e+00  0.00000000e+00  0.00000000e+00 -4.29641502e+06  9.68650665e+00  6.26667559e+03  4.68061083e+02  1.11258734e+01
29900000         -7.55582641e+06 -7.36118013e+06 -1.94646286e+05 -1.53934180e-10  0.00000000e+00  0.00000000e+00  0.00000000e+00  0.00000000e+00 -4.23687231e+06  1.25746126e+01  6.24094235e+03  4.67962744e+02  1.11183800e+01
30000000         -7.55528331e+06 -7.36086525e+06 -1.94418064e+05 -1.53934180e-10  0.00000000e+00  0.00000000e+00  0.00000000e+00  0.00000000e+00 -4.29531880e+06  7.68805114e+00  6.22296024e+03  4.68766341e+02  1.10935512e+01
30100000         -7.56781464e+06 -7.37294926e+06 -1.94865380e+05 -1.53934180e-10  0.00000000e+00  0.00000000e+00  0.00000000e+00  0.00000000e+00 -4.22241191e+06  1.32918671e+01  6.23451404e+03  4.68973715e+02  1.10664313e+01
30200000         -7.61540172e+06 -7.41937390e+06 -1.96027820e+05 -1.53934180e-10  0.00000000e+00  0.00000000e+00  0.00000000e+00  0.00000000e+00 -4.20874337e+06  1.50058469e+01  6.24963460e+03  4.70630374e+02  1.11184699e+01
30300000         -7.61393273e+06 -7.41789598e+06 -1.96036748e+05 -1.53934180e-10  0.00000000e+00  0.00000000e+00  0.00000000e+00  0.00000000e+00 -4.20928911e+06  1.48845344e+01  6.24770960e+03  4.70796918e+02  1.11035485e+01
30400000         -7.64721604e+06 -7.45051359e+06 -1.96702446e+05 -1.53934181e-10  0.00000000e+00  0.00000000e+00  0.00000000e+00  0.00000000e+00 -4.28649597e+06  9.44127209e+00  6.24534285e+03  4.72575299e+02  1.11839409e+01
30500000         -7.54565165e+06 -7.35132496e+06 -1.94326686e+05 -1.53934181e-10  0.00000000e+00  0.00000000e+00  0.00000000e+00  0.00000000e+00 -4.22266342e+06  1.22455671e+01  6.21245816e+03  4.69333572e+02  1.11287978e+01
30600000         -7.50839562e+06 -7.31521637e+06 -1.93179249e+05 -1.53934181e-10  0.00000000e+00  0.00000000e+00  0.00000000e+00  0.00000000e+00 -4.24125287e+06  1.02059487e+01  6.19739812e+03  4.67698994e+02  1.11106251e+01
30700000         -7.60328484e+06 -7.40788991e+06 -1.95394929e+05 -1.53934181e-10  0.00000000e+00  0.00000000e+00  0.00000000e+00  0.00000000e+00 -4.26555197e+06  1.01228613e+01  6.22997953e+03  4.70590960e+02  1.11441169e+01
30800000         -7.55521188e+06 -7.36082073e+06 -1.94391149e+05 -1.53934181e-10  0.00000000e+00  0.00000000e+00  0.00000000e+00  0.00000000e+00 -4.24323498e+06  1.10620612e+01  6.21779537e+03  4.69086697e+02  1.10827007e+01
30900000         -7.53640582e+06 -7.34246494e+06 -1.93940886e+05 -1.53934181e-10  0.00000000e+00  0.00000000e+00  0.00000000e+00  0.00000000e+00 -4.19865356e+06  1.38479789e+01  6.21150454e+03  4.68478165e+02  1.11046687e+01
31000000         -7.55861008e+06 -7.36421452e+06 -1.94395559e+05 -1.53934182e-10  0.00000000e+00  0.00000000e+00  0.00000000e+00  0.00000000e+00 -4.19397531e+06  1.41019121e+01  6.20907302e+03  4.69760733e+02  1.10988216e+01
31100000         -7.60320110e+06 -7.40796195e+06 -1.95239146e+05 -1.53934182e-10  0.00000000e+00  0.00000000e+00  0.00000000e+00  0.00000000e+00 -4.25934591e+06  9.98569645e+00  6.21773172e+03  4.71141035e+02  1.11350898e+01
