#STEPS          TOT_EN          EN_INTER        EN_TC           EN_INTRA(B)     EN_INTRA(NB)    EN_ELECT        EN_REAL         EN_RECIP        TOTAL_VIR       PRESSURE        TOT_MOL         TOT_DENS        HEAT_VAP        
100000           -3.55416248e+05 -3.49079133e+05 -6.37962759e+03  4.25123904e+01  0.00000000e+00  0.00000000e+00  0.00000000e+00  0.00000000e+00 -5.61248411e+05  1.17729699e+01  4.33559955e+03  2.20779332e+01  1.11636988e+01
200000           -3.39710851e+05 -3.33376916e+05 -6.33814522e+03  4.21037048e+00  0.00000000e+00  0.00000000e+00  0.00000000e+00  0.00000000e+00 -4.66309561e+05  1.21719379e+01  4.32138650e+03  2.20066409e+01  1.12671286e+01
300000           -3.45594050e+05 -3.39216875e+05 -6.37753891e+03  3.63991600e-01  0.00000000e+00  0.00000000e+00  0.00000000e+00  0.00000000e+00 -5.28337608e+05  1.19266196e+01  4.33422184e+03  2.20778253e+01  1.11576049e+01
400000           -3.46373181e+05 -3.40125162e+05 -6.24802279e+03  4.16315277e-03  0.00000000e+00  0.00000000e+00  0.00000000e+00  0.00000000e+00 -5.29437160e+05  1.17767296e+01  4.28886384e+03  2.18580152e+01  1.11160470e+01
500000           -3.49078251e+05 -3.42834939e+05 -6.24331142e+03 -3.66033009e-11  0.00000000e+00  0.00000000e+00  0.00000000e+00  0.00000000e+00 -5.51353891e+05  1.16683917e+01  4.28730788e+03  2.18497009e+01  1.11070919e+01
600000           -3.50974563e+05 -3.44726749e+05 -6.24781383e+03 -3.66033014e-11  0.00000000e+00  0.00000000e+00  0.00000000e+00  0.00000000e+00 -5.86646086e+05  1.15081775e+01  4.28862918e+03  2.18586717e+01  1.10566830e+01
700000           -3.59745532e+05 -3.53416432e+05 -6.32909965e+03 -3.66033019e-11  0.00000000e+00  0.00000000e+00  0.00000000e+00  0.00000000e+00 -5.59229752e+05  1.17298248e+01  4.31629178e+03  2.20012192e+01  1.09987655e+01
800000           -3.53032609e+05 -3.46721565e+05 -6.31104439e+03 -3.66033024e-11  0.00000000e+00  0.00000000e+00  0.00000000e+00  0.00000000e+00 -5.85866497e+05  1.15850330e+01  4.30968853e+03  2.19719536e+01  1.09728614e+01
900000           -3.49723372e+05 -3.43511413e+05 -6.21195914e+03 -3.66033030e-11  0.00000000e+00  0.00000000e+00  0.00000000e+00  0.00000000e+00 -5.05984413e+05  1.18482808e+01  4.27523419e+03  2.18009269e+01  1.10541473e+01
1000000          -3.40348434e+05 -3.34263436e+05 -6.08499849e+03 -3.66033035e-11  0.00000000e+00  0.00000000e+00  0.00000000e+00  0.00000000e+00 -5.45026456e+05  1.15205137e+01  4.23051397e+03  2.15813624e+01  1.10395547e+01
1100000          -3.27980592e+05 -3.22026206e+05 -5.95438667e+03 -3.66033041e-11  0.00000000e+00  0.00000000e+00  0.00000000e+00  0.00000000e+00 -5.03182671e+05  1.15670045e+01  4.18405859e+03  2.13525438e+01  1.10963296e+01
1200000          -3.22547583e+05 -3.16587308e+05 -5.96027494e+03 -3.66033046e-11  0.00000000e+00  0.00000000e+00  0.00000000e+00  0.00000000e+00 -5.08356216e+05  1.15499905e+01  4.18598443e+03  2.13640458e+01  1.10816178e+01
1300000          -3.23863633e+05 -3.17902314e+05 -5.96131954e+03 -3.66033051e-11  0.00000000e+00  0.00000000e+00  0.00000000e+00  0.00000000e+00 -5.27420940e+05  1.14629607e+01  4.18571414e+03  2.13692611e+01  1.10047344e+01
1400000          -3.27110170e+05 -3.21178800e+05 -5.93137052e+03 -3.66033056e-11  0.00000000e+00  0.00000000e+00  0.00000000e+00  0.00000000e+00 -4.83256944e+05  1.16354468e+01  4.17528918e+03  2.13149419e+01  1.10663845e+01
1500000          -3.19388109e+05 -3.13488760e+05 -5.89934914e+03 -3.66033062e-11  0.00000000e+00  0.00000000e+00  0.00000000e+00  0.00000000e+00 -5.00724598e+05  1.15152723e+01  4.16418515e+03  2.12564100e+01  1.11219069e+01
1600000          -3.29820640e+05 -3.23875540e+05 -5.94509951e+03 -3.66033067e-11  0.00000000e+00  0.00000000e+00  0.00000000e+00  0.00000000e+00 -5.15251719e+05  1.14996920e+01  4.18072423e+03  2.13365017e+01  1.11123882e+01
1700000          -3.24923167e+05 -3.19002589e+05 -5.92057846e+03 -3.66033072e-11  0.00000000e+00  0.00000000e+00  0.00000000e+00  0.00000000e+00 -4.74734684e+05  1.16638577e+01  4.17104505e+03  2.12977549e+01  1.10495469e+01
1800000          -3.31980279e+05 -3.26007784e+05 -5.97249508e+03 -3.66033077e-11  0.00000000e+00  0.00000000e+00  0.00000000e+00  0.00000000e+00 -4.83313835e+05  1.16843054e+01  4.18926512e+03  2.13910045e+01  1.09990681e+01
1900000          -3.26598854e+05 -3.20586854e+05 -6.01200002e+03 -3.66033082e-11  0.00000000e+00  0.00000000e+00  0.00000000e+00  0.00000000e+00 -5.01844907e+05  1.16419112e+01  4.20368596e+03  2.14586562e+01  1.10169170e+01
2000000          -3.28937528e+05 -3.22913793e+05 -6.02373472e+03 -3.66033088e-11  0.00000000e+00  0.00000000e+00  0.00000000e+00  0.00000000e+00 -5.48024509e+05  1.14384524e+01  4.20772500e+03  2.14799999e+01  1.09655896e+01
2100000          -3.25426412e+05 -3.19523478e+05 -5.90293431e+03 -3.66033093e-11  0.00000000e+00  0.00000000e+00  0.00000000e+00  0.00000000e+00 -4.38317276e+05  1.18133439e+01  4.16521837e+03  2.12635169e+01  1.11133335e+01
2200000          -3.14011170e+05 -3.08234875e+05 -5.77629489e+03 -3.66033098e-11  0.00000000e+00  0.00000000e+00  0.00000000e+00  0.00000000e+00 -4.53201764e+05  1.15962679e+01  4.11928812e+03  2.10398759e+01  1.11152650e+01
2300000          -3.19268998e+05 -3.13472364e+05 -5.79663340e+03 -3.66033104e-11  0.00000000e+00  0.00000000e+00  0.00000000e+00  0.00000000e+00 -4.60052828e+05  1.15878565e+01  4.12659070e+03  2.10761788e+01  1.11055761e+01
2400000          -3.15093487e+05 -3.09340076e+05 -5.75341111e+03 -3.66033109e-11  0.00000000e+00  0.00000000e+00  0.00000000e+00  0.00000000e+00 -4.88786910e+05  1.14024471e+01  4.11067638e+03  2.10003174e+01  1.10626730e+01
2500000          -3.21442073e+05 -3.15795634e+05 -5.64643863e+03 -3.66033115e-11  0.00000000e+00  0.00000000e+00  0.00000000e+00  0.00000000e+00 -5.09553418e+05  1.11780520e+01  4.07160865e+03  2.08074706e+01  1.10523311e+01
2600000          -3.10739071e+05 -3.05112228e+05 -5.62684279e+03 -3.66033120e-11  0.00000000e+00  0.00000000e+00  0.00000000e+00  0.00000000e+00 -4.49063241e+05  1.14385098e+01  4.06490335e+03  2.07694051e+01  1.11715330e+01
2700000          -3.25593717e+05 -3.19857372e+05 -5.73634534e+03 -3.66033125e-11  0.00000000e+00  0.00000000e+00  0.00000000e+00  0.00000000e+00 -5.17076829e+05  1.12490871e+01  4.10436470e+03  2.09697209e+01  1.10428073e+01
2800000          -3.21720505e+05 -3.15834325e+05 -5.88618014e+03 -3.66033130e-11  0.00000000e+00  0.00000000e+00  0.00000000e+00  0.00000000e+00 -4.92858023e+05  1.15418502e+01  4.15722093e+03  2.12444056e+01  1.09387528e+01
2900000          -3.23796254e+05 -3.17997656e+05 -5.79859844e+03 -3.66033135e-11  0.00000000e+00  0.00000000e+00  0.00000000e+00  0.00000000e+00 -4.96633359e+05  1.14221071e+01  4.12545150e+03  2.10893893e+01  1.09005803e+01
3000000          -3.16786945e+05 -3.11066571e+05 -5.72037398e+03 -3.66033140e-11  0.00000000e+00  0.00000000e+00  0.00000000e+00  0.00000000e+00 -5.15072371e+05  1.12421456e+01  4.09749536e+03  2.09467812e+01  1.09553124e+01
3100000          -3.19977175e+05 -3.14299182e+05 -5.67799321e+03 -3.66033145e-11  0.00000000e+00  0.00000000e+00  0.00000000e+00  0.00000000e+00 -4.75531416e+05  1.13775819e+01  4.08240206e+03  2.08686413e+01  1.10080336e+01
3200000          -3.12212108e+05 -3.06531174e+05 -5.68093412e+03 -3.66033150e-11  0.00000000e+00  0.00000000e+00  0.00000000e+00  0.00000000e+00 -5.32537748e+05  1.11129250e+01  4.08326798e+03  2.08750530e+01  1.09637214e+01
3300000          -3.14826855e+05 -3.09121734e+05 -5.70512114e+03 -3.66033155e-11  0.00000000e+00  0.00000000e+00  0.00000000e+00  0.00000000e+00 -5.55541652e+05  1.10326749e+01  4.09233904e+03  2.09174266e+01  1.09722991e+01
3400000          -3.29734295e+05 -3.23907933e+05 -5.82636137e+03 -3.66033160e-11  0.00000000e+00  0.00000000e+00  0.00000000e+00  0.00000000e+00 -4.84377760e+05  1.15116785e+01  4.13574221e+03  2.11373750e+01  1.09356903e+01
3500000          -3.15959605e+05 -3.10212533e+05 -5.74707205e+03 -3.66033165e-11  0.00000000e+00  0.00000000e+00  0.00000000e+00  0.00000000e+00 -4.94877347e+05  1.13685964e+01  4.10733012e+03  2.09942574e+01  1.09850216e+01
3600000          -3.04901331e+05 -2.99221276e+05 -5.68005499e+03 -3.66033171e-11  0.00000000e+00  0.00000000e+00  0.00000000e+00  0.00000000e+00 -4.54247384e+05  1.14793162e+01  4.08356647e+03  2.08701916e+01  1.10997436e+01
3700000          -3.00534092e+05 -2.94941622e+05 -5.59246985e+03 -3.66033176e-11  0.00000000e+00  0.00000000e+00  0.00000000e+00  0.00000000e+00 -4.47275000e+05  1.14074657e+01  4.05167590e+03  2.07102351e+01  1.11304185e+01
3800000          -3.02694884e+05 -2.97097237e+05 -5.59764700e+03 -3.66033181e-11  0.00000000e+00  0.00000000e+00  0.00000000e+00  0.00000000e+00 -4.56755139e+05  1.13703293e+01  4.05295985e+03  2.07227443e+01  1.10590504e+01
3900000          -3.08275379e+05 -3.02732971e+05 -5.54240818e+03 -3.66033186e-11  0.00000000e+00  0.00000000e+00  0.00000000e+00  0.00000000e+00 -5.05534689e+05  1.10740880e+01  4.03269365e+03  2.06214336e+01  1.10472925e+01
4000000          -3.13418196e+05 -3.07895784e+05 -5.52241189e+03 -3.66033192e-11  0.00000000e+00  0.00000000e+00  0.00000000e+00  0.00000000e+00 -4.93767963e+05  1.11053384e+01  4.02535654e+03  2.05844253e+01  1.10593732e+01
4100000          -3.05603592e+05 -3.00036733e+05 -5.56685902e+03 -3.66033197e-11  0.00000000e+00  0.00000000e+00  0.00000000e+00  0.00000000e+00 -4.59385809e+05  1.13204487e+01  4.04189271e+03  2.06651277e+01  1.10932440e+01
4200000          -3.07776556e+05 -3.02151133e+05 -5.62542345e+03 -3.66033202e-11  0.00000000e+00  0.00000000e+00  0.00000000e+00  0.00000000e+00 -4.56196060e+05  1.14050173e+01  4.06365778e+03  2.07708002e+01  1.11045462e+01
4300000          -3.04240431e+05 -2.98630851e+05 -5.60958019e+03 -3.66033207e-11  0.00000000e+00  0.00000000e+00  0.00000000e+00  0.00000000e+00 -4.93042734e+05  1.12115298e+01  4.05830423e+03  2.07396237e+01  1.11417257e+01
4400000          -3.04862012e+05 -2.99217046e+05 -5.64496617e+03 -3.66033213e-11  0.00000000e+00  0.00000000e+00  0.00000000e+00  0.00000000e+00 -5.26082803e+05  1.10982938e+01  4.07117000e+03  2.08044203e+01  1.10954950e+01
4500000          -3.06238593e+05 -3.00578187e+05 -5.66040539e+03 -3.66033218e-11  0.00000000e+00  0.00000000e+00  0.00000000e+00  0.00000000e+00 -5.13855003e+05  1.11745633e+01  4.07666425e+03  2.08331593e+01  1.10903456e+01
4600000          -3.11577533e+05 -3.05930323e+05 -5.64721083e+03 -3.66033223e-11  0.00000000e+00  0.00000000e+00  0.00000000e+00  0.00000000e+00 -4.89125427e+05  1.12759352e+01  4.07160006e+03  2.08105747e+01  1.10667451e+01
4700000          -3.08240101e+05 -3.02637742e+05 -5.60235927e+03 -3.66033228e-11  0.00000000e+00  0.00000000e+00  0.00000000e+00  0.00000000e+00 -5.11364127e+05  1.11166862e+01  4.05559470e+03  2.07267179e+01  1.11096386e+01
4800000          -3.01473544e+05 -2.95887187e+05 -5.58635769e+03 -3.66033234e-11  0.00000000e+00  0.00000000e+00  0.00000000e+00  0.00000000e+00 -5.22689294e+05  1.10442256e+01  4.04969910e+03  2.06975845e+01  1.11151028e+01
4900000          -2.96699158e+05 -2.91087550e+05 -5.61160792e+03 -3.66033239e-11  0.00000000e+00  0.00000000e+00  0.00000000e+00  0.00000000e+00 -4.79021559e+05  1.12787341e+01  4.05962331e+03  2.07404025e+01  1.12283321e+01
5000000          -3.01456969e+05 -2.95895871e+05 -5.56109808e+03 -3.66033243e-11  0.00000000e+00  0.00000000e+00  0.00000000e+00  0.00000000e+00 -4.86131970e+05  1.11852553e+01  4.04073404e+03  2.06494090e+01  1.12042233e+01
