#STEPS          TOT_EN          EN_INTER        EN_TC           EN_INTRA(B)     EN_INTRA(NB)    EN_ELECT        EN_REAL         EN_RECIP        TOTAL_VIR       PRESSURE        TOT_MOL         TOT_DENS        HEAT_VAP        
100000           -3.92995883e+05 -3.85923114e+05 -7.11806740e+03  4.52987318e+01  0.00000000e+00  0.00000000e+00  0.00000000e+00  0.00000000e+00 -6.32777896e+05  1.22367454e+01  4.58540256e+03  2.32917044e+01  1.10616963e+01
200000           -3.87604589e+05 -3.80465712e+05 -7.14336935e+03  4.49290458e+00  0.00000000e+00  0.00000000e+00  0.00000000e+00  0.00000000e+00 -6.00962621e+05  1.24121189e+01  4.59378840e+03  2.33317531e+01  1.10870230e+01
300000           -4.00828031e+05 -3.93682879e+05 -7.14570344e+03  5.51083736e-01  0.00000000e+00  0.00000000e+00  0.00000000e+00  0.00000000e+00 -6.02189461e+05  1.24084631e+01  4.59472644e+03  2.33346060e+01  1.11004144e+01
400000           -3.86260382e+05 -3.79119521e+05 -7.14088566e+03  2.47486404e-02  0.00000000e+00  0.00000000e+00  0.00000000e+00  0.00000000e+00 -6.11259405e+05  1.23640029e+01  4.59167352e+03  2.33344190e+01  1.09973905e+01
500000           -3.93739765e+05 -3.86685866e+05 -7.05389951e+03  3.46561186e-05  0.00000000e+00  0.00000000e+00  0.00000000e+00  0.00000000e+00 -5.58673936e+05  1.25186707e+01  4.56284251e+03  2.31952510e+01  1.09976698e+01
600000           -3.86651955e+05 -3.79690053e+05 -6.96190191e+03 -2.40922999e-10  0.00000000e+00  0.00000000e+00  0.00000000e+00  0.00000000e+00 -6.14687107e+05  1.21582586e+01  4.53262882e+03  2.30459187e+01  1.09997010e+01
700000           -3.82100421e+05 -3.75194338e+05 -6.90608292e+03 -2.40923000e-10  0.00000000e+00  0.00000000e+00  0.00000000e+00  0.00000000e+00 -6.36845471e+05  1.19944366e+01  4.51419572e+03  2.29544610e+01  1.09991709e+01
800000           -3.69372126e+05 -3.62425856e+05 -6.94626969e+03 -2.40923000e-10  0.00000000e+00  0.00000000e+00  0.00000000e+00  0.00000000e+00 -5.63522748e+05  1.23811106e+01  4.52748168e+03  2.30200310e+01  1.10599323e+01
900000           -3.88120362e+05 -3.81125371e+05 -6.99499135e+03 -2.40923001e-10  0.00000000e+00  0.00000000e+00  0.00000000e+00  0.00000000e+00 -5.96707490e+05  1.22780648e+01  4.54343597e+03  2.31002937e+01  1.09746830e+01
1000000          -3.90641754e+05 -3.83705340e+05 -6.93641373e+03 -2.40923001e-10  0.00000000e+00  0.00000000e+00  0.00000000e+00  0.00000000e+00 -6.30197397e+05  1.20577854e+01  4.52437708e+03  2.30031817e+01  1.09854690e+01
1100000          -3.90800128e+05 -3.83779633e+05 -7.02049512e+03 -2.40923002e-10  0.00000000e+00  0.00000000e+00  0.00000000e+00  0.00000000e+00 -6.29017272e+05  1.21537167e+01  4.55187130e+03  2.31413695e+01  1.09566761e+01
1200000          -4.04521621e+05 -3.97521861e+05 -6.99975993e+03 -2.40923002e-10  0.00000000e+00  0.00000000e+00  0.00000000e+00  0.00000000e+00 -5.94430885e+05  1.22946959e+01  4.54461144e+03  2.31100930e+01  1.09216124e+01
1300000          -3.91632651e+05 -3.84687631e+05 -6.94502021e+03 -2.40923003e-10  0.00000000e+00  0.00000000e+00  0.00000000e+00  0.00000000e+00 -6.10098532e+05  1.21630147e+01  4.52637930e+03  2.30216747e+01  1.09224243e+01
1400000          -3.93702046e+05 -3.86814475e+05 -6.88757099e+03 -2.40923003e-10  0.00000000e+00  0.00000000e+00  0.00000000e+00  0.00000000e+00 -5.77538185e+05  1.22534721e+01  4.50756857e+03  2.29264942e+01  1.09613695e+01
1500000          -3.95148161e+05 -3.88328141e+05 -6.82001973e+03 -2.40923004e-10  0.00000000e+00  0.00000000e+00  0.00000000e+00  0.00000000e+00 -5.74442967e+05  1.21961603e+01  4.48462873e+03  2.28178951e+01  1.09326756e+01
1600000          -3.73191076e+05 -3.66438261e+05 -6.75281488e+03 -2.40923004e-10  0.00000000e+00  0.00000000e+00  0.00000000e+00  0.00000000e+00 -5.20036167e+05  1.23790001e+01  4.46190189e+03  2.27080720e+01  1.10032997e+01
1700000          -3.67649521e+05 -3.60998504e+05 -6.65101771e+03 -2.40923005e-10  0.00000000e+00  0.00000000e+00  0.00000000e+00  0.00000000e+00 -6.00683703e+05  1.18898156e+01  4.42755341e+03  2.25392735e+01  1.09706094e+01
1800000          -3.61980480e+05 -3.55334430e+05 -6.64604982e+03 -2.40923005e-10  0.00000000e+00  0.00000000e+00  0.00000000e+00  0.00000000e+00 -5.54752685e+05  1.21002273e+01  4.42572614e+03  2.25317759e+01  1.09982534e+01
1900000          -3.60439657e+05 -3.53857964e+05 -6.58169295e+03 -2.40923006e-10  0.00000000e+00  0.00000000e+00  0.00000000e+00  0.00000000e+00 -5.54649391e+05  1.20291441e+01  4.40428515e+03  2.24220173e+01  1.10695428e+01
2000000          -3.48423775e+05 -3.41972670e+05 -6.45110446e+03 -2.40923006e-10  0.00000000e+00  0.00000000e+00  0.00000000e+00  0.00000000e+00 -5.81762875e+05  1.17565551e+01  4.36011389e+03  2.21997624e+01  1.11450350e+01
2100000          -3.56370212e+05 -3.49948316e+05 -6.42189631e+03 -2.40923007e-10  0.00000000e+00  0.00000000e+00  0.00000000e+00  0.00000000e+00 -5.34339442e+05  1.19468352e+01  4.35000432e+03  2.21507061e+01  1.11497243e+01
2200000          -3.52349686e+05 -3.45936737e+05 -6.41294881e+03 -2.40923007e-10  0.00000000e+00  0.00000000e+00  0.00000000e+00  0.00000000e+00 -5.49703007e+05  1.18660378e+01  4.34635900e+03  2.21385262e+01  1.10963114e+01
2300000          -3.62429069e+05 -3.56052028e+05 -6.37704040e+03 -2.40923008e-10  0.00000000e+00  0.00000000e+00  0.00000000e+00  0.00000000e+00 -5.70120254e+05  1.17297104e+01  4.33413449e+03  2.20765227e+01  1.10840394e+01
2400000          -3.56907990e+05 -3.50539038e+05 -6.36895175e+03 -2.40923009e-10  0.00000000e+00  0.00000000e+00  0.00000000e+00  0.00000000e+00 -5.97992947e+05  1.15907839e+01  4.33084323e+03  2.20652710e+01  1.10410225e+01
