#STEPS          TOT_EN          EN_INTER        EN_TC           EN_INTRA(B)     EN_INTRA(NB)    EN_ELECT        EN_REAL         EN_RECIP        TOTAL_VIR       PRESSURE        TOT_MOL         TOT_DENS        HEAT_VAP        
100000           -2.88790472e+05 -2.83430063e+05 -5.39671594e+03  3.63074360e+01  0.00000000e+00  0.00000000e+00  0.00000000e+00  0.00000000e+00 -4.82611293e+05  1.10031647e+01  3.97970828e+03  2.03465148e+01  1.12329847e+01
200000           -2.91286454e+05 -2.85857896e+05 -5.43155978e+03  3.00144286e+00  0.00000000e+00  0.00000000e+00  0.00000000e+00  0.00000000e+00 -4.58699284e+05  1.11591920e+01  3.99230337e+03  2.04133099e+01  1.12064197e+01
300000           -2.96263022e+05 -2.90784548e+05 -5.47865185e+03  1.77941916e-01  0.00000000e+00  0.00000000e+00  0.00000000e+00  0.00000000e+00 -4.38559450e+05  1.13113747e+01  4.00971523e+03  2.05009030e+01  1.11846497e+01
400000           -3.10886039e+05 -3.05343158e+05 -5.54288102e+03 -6.47571201e-11  0.00000000e+00  0.00000000e+00  0.00000000e+00  0.00000000e+00 -5.18901967e+05  1.10102896e+01  4.03351671e+03  2.06189822e+01  1.10841541e+01
500000           -3.13391894e+05 -3.07794937e+05 -5.59695643e+03 -6.47571206e-11  0.00000000e+00  0.00000000e+00  0.00000000e+00  0.00000000e+00 -5.27393339e+05  1.10354138e+01  4.05322589e+03  2.07186079e+01  1.10492486e+01
600000           -3.04020699e+05 -2.98407664e+05 -5.61303473e+03 -6.47571212e-11  0.00000000e+00  0.00000000e+00  0.00000000e+00  0.00000000e+00 -5.42784845e+05  1.09823037e+01  4.05911863e+03  2.07482149e+01  1.10475882e+01
700000           -2.99565968e+05 -2.94092296e+05 -5.47367121e+03 -6.47571217e-11  0.00000000e+00  0.00000000e+00  0.00000000e+00  0.00000000e+00 -4.43354896e+05  1.12827818e+01  4.00784898e+03  2.04917233e+01  1.11694308e+01
800000           -3.04168957e+05 -2.98689829e+05 -5.47912800e+03 -6.47571222e-11  0.00000000e+00  0.00000000e+00  0.00000000e+00  0.00000000e+00 -4.75011292e+05  1.11398924e+01  4.01005865e+03  2.05010223e+01  1.11633879e+01
900000           -3.00036190e+05 -2.94625558e+05 -5.41063161e+03 -6.47571228e-11  0.00000000e+00  0.00000000e+00  0.00000000e+00  0.00000000e+00 -4.65906259e+05  1.10995763e+01  3.98460228e+03  2.03740385e+01  1.12036476e+01
1000000          -2.99364490e+05 -2.93965304e+05 -5.39918619e+03 -6.47571233e-11  0.00000000e+00  0.00000000e+00  0.00000000e+00  0.00000000e+00 -4.16318732e+05  1.13196484e+01  3.98021136e+03  2.03534212e+01  1.12343053e+01
1100000          -2.90121184e+05 -2.84765225e+05 -5.35595896e+03 -6.47571238e-11  0.00000000e+00  0.00000000e+00  0.00000000e+00  0.00000000e+00 -4.56386941e+05  1.10780373e+01  3.96399512e+03  2.02729816e+01  1.12291740e+01
1200000          -2.98254114e+05 -2.93042854e+05 -5.21126015e+03 -6.47571243e-11  0.00000000e+00  0.00000000e+00  0.00000000e+00  0.00000000e+00 -4.54692268e+05  1.09074479e+01  3.90940915e+03  2.00004160e+01  1.12369612e+01
1300000          -2.87953897e+05 -2.82772992e+05 -5.18090457e+03 -6.47571249e-11  0.00000000e+00  0.00000000e+00  0.00000000e+00  0.00000000e+00 -4.64075690e+05  1.08260872e+01  3.89767435e+03  1.99441456e+01  1.12361272e+01
1400000          -2.81703083e+05 -2.76500843e+05 -5.20223950e+03 -6.47571254e-11  0.00000000e+00  0.00000000e+00  0.00000000e+00  0.00000000e+00 -4.27414425e+05  1.10272849e+01  3.90500183e+03  1.99886021e+01  1.11974337e+01
1500000          -2.89417544e+05 -2.84171253e+05 -5.24629158e+03 -6.47571259e-11  0.00000000e+00  0.00000000e+00  0.00000000e+00  0.00000000e+00 -4.08867756e+05  1.11696993e+01  3.92161189e+03  2.00726119e+01  1.11727306e+01
1600000          -2.79111130e+05 -2.73808318e+05 -5.30281238e+03 -6.47571264e-11  0.00000000e+00  0.00000000e+00  0.00000000e+00  0.00000000e+00 -4.58380360e+05  1.10080568e+01  3.94193551e+03  2.01840610e+01  1.10499387e+01
1700000          -2.84402147e+05 -2.79123384e+05 -5.27876366e+03 -6.47571269e-11  0.00000000e+00  0.00000000e+00  0.00000000e+00  0.00000000e+00 -4.60361962e+05  1.09691553e+01  3.93286436e+03  2.01389998e+01  1.10358785e+01
1800000          -2.84620798e+05 -2.79361163e+05 -5.25963492e+03 -6.47571274e-11  0.00000000e+00  0.00000000e+00  0.00000000e+00  0.00000000e+00 -4.63623446e+05  1.09288536e+01  3.92621548e+03  2.01000061e+01  1.10999913e+01
1900000          -2.92126418e+05 -2.86850046e+05 -5.27637197e+03 -6.47571279e-11  0.00000000e+00  0.00000000e+00  0.00000000e+00  0.00000000e+00 -4.82173396e+05  1.08621466e+01  3.93248264e+03  2.01318623e+01  1.10568350e+01
2000000          -2.74516368e+05 -2.69285500e+05 -5.23086830e+03 -6.47571285e-11  0.00000000e+00  0.00000000e+00  0.00000000e+00  0.00000000e+00 -4.26522827e+05  1.10687380e+01  3.91515303e+03  2.00466021e+01  1.11434494e+01
2100000          -2.76079145e+05 -2.70839649e+05 -5.23949610e+03 -6.47571290e-11  0.00000000e+00  0.00000000e+00  0.00000000e+00  0.00000000e+00 -4.18754389e+05  1.11169390e+01  3.91798290e+03  2.00648607e+01  1.11113387e+01
2200000          -2.89272762e+05 -2.83949264e+05 -5.32349808e+03 -6.47571295e-11  0.00000000e+00  0.00000000e+00  0.00000000e+00  0.00000000e+00 -4.50979583e+05  1.10711353e+01  3.94846281e+03  2.02290800e+01  1.09346219e+01
2300000          -2.85760684e+05 -2.80637063e+05 -5.12362045e+03 -6.47571300e-11  0.00000000e+00  0.00000000e+00  0.00000000e+00  0.00000000e+00 -4.33209347e+05  1.09069472e+01  3.87275138e+03  1.98503291e+01  1.09845079e+01
2400000          -2.75861504e+05 -2.70766641e+05 -5.09486336e+03 -6.47571305e-11  0.00000000e+00  0.00000000e+00  0.00000000e+00  0.00000000e+00 -4.74403165e+05  1.06765699e+01  3.86156580e+03  1.97960221e+01  1.09790749e+01
2500000          -2.80173319e+05 -2.75158174e+05 -5.01514531e+03 -6.47571310e-11  0.00000000e+00  0.00000000e+00  0.00000000e+00  0.00000000e+00 -4.60303307e+05  1.06426693e+01  3.83077041e+03  1.96427655e+01  1.09981565e+01
2600000          -2.86797387e+05 -2.81780287e+05 -5.01710016e+03 -6.47571316e-11  0.00000000e+00  0.00000000e+00  0.00000000e+00  0.00000000e+00 -3.95551728e+05  1.09501088e+01  3.83202044e+03  1.96442085e+01  1.10827974e+01
2700000          -2.75763987e+05 -2.70748493e+05 -5.01549386e+03 -6.47571321e-11  0.00000000e+00  0.00000000e+00  0.00000000e+00  0.00000000e+00 -4.31866742e+05  1.07759321e+01  3.83169402e+03  1.96398315e+01  1.10959501e+01
2800000          -2.67674234e+05 -2.62737675e+05 -4.93655857e+03 -6.47571326e-11  0.00000000e+00  0.00000000e+00  0.00000000e+00  0.00000000e+00 -4.44556139e+05  1.06162415e+01  3.80075932e+03  1.94880816e+01  1.10855519e+01
2900000          -2.70806201e+05 -2.65845113e+05 -4.96108827e+03 -6.47571331e-11  0.00000000e+00  0.00000000e+00  0.00000000e+00  0.00000000e+00 -4.23228110e+05  1.07492463e+01  3.80987969e+03  1.95379297e+01  1.10795448e+01
3000000          -2.69028036e+05 -2.64103030e+05 -4.92500669e+03 -6.47571336e-11  0.00000000e+00  0.00000000e+00  0.00000000e+00  0.00000000e+00 -4.34648385e+05  1.06505616e+01  3.79522346e+03  1.94707223e+01  1.10159299e+01
3100000          -2.65415587e+05 -2.60537800e+05 -4.87778674e+03 -6.47571341e-11  0.00000000e+00  0.00000000e+00  0.00000000e+00  0.00000000e+00 -4.48040225e+05  1.05255703e+01  3.77729300e+03  1.93757278e+01  1.10705124e+01
3200000          -2.60228196e+05 -2.55397208e+05 -4.83098831e+03 -6.47571346e-11  0.00000000e+00  0.00000000e+00  0.00000000e+00  0.00000000e+00 -4.10882912e+05  1.06406937e+01  3.75899412e+03  1.92831484e+01  1.11138139e+01
3300000          -2.58477421e+05 -2.53670076e+05 -4.80734459e+03 -6.47571351e-11  0.00000000e+00  0.00000000e+00  0.00000000e+00  0.00000000e+00 -4.31373223e+05  1.05127083e+01  3.74988907e+03  1.92352620e+01  1.11382373e+01
3400000          -2.63382008e+05 -2.58564192e+05 -4.81781574e+03 -6.47571356e-11  0.00000000e+00  0.00000000e+00  0.00000000e+00  0.00000000e+00 -4.27348956e+05  1.05452923e+01  3.75388488e+03  1.92561285e+01  1.11271956e+01
3500000          -2.64685565e+05 -2.59854009e+05 -4.83155584e+03 -6.47571362e-11  0.00000000e+00  0.00000000e+00  0.00000000e+00  0.00000000e+00 -4.14376690e+05  1.06244562e+01  3.75941982e+03  1.92832084e+01  1.11388104e+01
3600000          -2.63037172e+05 -2.58216199e+05 -4.82097301e+03 -6.47571367e-11  0.00000000e+00  0.00000000e+00  0.00000000e+00  0.00000000e+00 -3.91899633e+05  1.07167852e+01  3.75537049e+03  1.92618051e+01  1.11671896e+01
3700000          -2.65209885e+05 -2.60360114e+05 -4.84977088e+03 -6.47571372e-11  0.00000000e+00  0.00000000e+00  0.00000000e+00  0.00000000e+00 -3.65210668e+05  1.08803103e+01  3.76650123e+03  1.93190474e+01  1.11677142e+01
3800000          -2.56697205e+05 -2.51836014e+05 -4.86119150e+03 -6.47571377e-11  0.00000000e+00  0.00000000e+00  0.00000000e+00  0.00000000e+00 -4.17967329e+05  1.06463604e+01  3.77079854e+03  1.93430206e+01  1.11094802e+01
3900000          -2.76212473e+05 -2.71340162e+05 -4.87231105e+03 -6.47571382e-11  0.00000000e+00  0.00000000e+00  0.00000000e+00  0.00000000e+00 -4.71790629e+05  1.04054696e+01  3.77549384e+03  1.93631749e+01  1.10615695e+01
4000000          -2.66323594e+05 -2.61418403e+05 -4.90519164e+03 -6.47571388e-11  0.00000000e+00  0.00000000e+00  0.00000000e+00  0.00000000e+00 -3.87608883e+05  1.08445943e+01  3.78878802e+03  1.94254089e+01  1.11731604e+01
4100000          -2.73056916e+05 -2.68103200e+05 -4.95371511e+03 -6.47571392e-11  0.00000000e+00  0.00000000e+00  0.00000000e+00  0.00000000e+00 -4.41692938e+05  1.06507701e+01  3.80783146e+03  1.95194817e+01  1.11276914e+01
4200000          -2.77501696e+05 -2.72492609e+05 -5.00908753e+03 -6.47571398e-11  0.00000000e+00  0.00000000e+00  0.00000000e+00  0.00000000e+00 -4.11874498e+05  1.08616733e+01  3.82946590e+03  1.96261370e+01  1.11423672e+01
4300000          -2.73802277e+05 -2.68760439e+05 -5.04183783e+03 -6.47571403e-11  0.00000000e+00  0.00000000e+00  0.00000000e+00  0.00000000e+00 -4.49018316e+05  1.07274122e+01  3.84221847e+03  1.96888231e+01  1.11202086e+01
4400000          -2.76995983e+05 -2.71917236e+05 -5.07874702e+03 -6.47571408e-11  0.00000000e+00  0.00000000e+00  0.00000000e+00  0.00000000e+00 -4.32086413e+05  1.08545329e+01  3.85619490e+03  1.97611901e+01  1.11011229e+01
4500000          -2.68547309e+05 -2.63464487e+05 -5.08282267e+03 -6.47571413e-11  0.00000000e+00  0.00000000e+00  0.00000000e+00  0.00000000e+00 -4.33204473e+05  1.08545977e+01  3.85766855e+03  1.97695154e+01  1.10923823e+01
4600000          -2.69863447e+05 -2.64880092e+05 -4.98335574e+03 -6.47571419e-11  0.00000000e+00  0.00000000e+00  0.00000000e+00  0.00000000e+00 -4.59711938e+05  1.06035652e+01  3.81920282e+03  1.95775827e+01  1.10851291e+01
4700000          -2.65107722e+05 -2.60136705e+05 -4.97101622e+03 -6.47571424e-11  0.00000000e+00  0.00000000e+00  0.00000000e+00  0.00000000e+00 -4.10016840e+05  1.08219819e+01  3.81476886e+03  1.95520577e+01  1.11718344e+01
4800000          -2.62226756e+05 -2.57295629e+05 -4.93112715e+03 -6.47571428e-11  0.00000000e+00  0.00000000e+00  0.00000000e+00  0.00000000e+00 -4.03084097e+05  1.08034224e+01  3.79936094e+03  1.94734874e+01  1.11981329e+01
4900000          -2.74404836e+05 -2.69400555e+05 -5.00428125e+03 -6.47571433e-11  0.00000000e+00  0.00000000e+00  0.00000000e+00  0.00000000e+00 -4.76438336e+05  1.05510371e+01  3.82741430e+03  1.96178521e+01  1.10693093e+01
5000000          -2.72563921e+05 -2.67543979e+05 -5.01994195e+03 -6.47571438e-11  0.00000000e+00  0.00000000e+00  0.00000000e+00  0.00000000e+00 -4.33826613e+05  1.07724350e+01  3.83338111e+03  1.96486590e+01  1.10878231e+01
