#STEPS          TOT_EN          EN_INTER        EN_TC           EN_INTRA(B)     EN_INTRA(NB)    EN_ELECT        EN_REAL         EN_RECIP        TOTAL_VIR       PRESSURE        TOT_MOL         TOT_DENS        HEAT_VAP        
100000           -2.06199507e+05 -1.28546972e+04 -1.93439673e+05  9.48629464e+01  0.00000000e+00  0.00000000e+00  0.00000000e+00  0.00000000e+00 -1.16054263e+06  2.24244095e+02  6.22052221e+03  4.66588665e+02  2.12653656e+00
200000           -3.01102982e+05 -1.06499390e+05 -1.94638856e+05  3.52636194e+01  0.00000000e+00  0.00000000e+00  0.00000000e+00  0.00000000e+00 -1.16759669e+06  2.24698959e+02  6.23977852e+03  4.68033040e+02  2.25586935e+00
300000           -2.73557810e+05 -7.98266279e+04 -1.93743716e+05  1.25340318e+01  0.00000000e+00  0.00000000e+00  0.00000000e+00  0.00000000e+00 -1.16234229e+06  2.24359310e+02  6.22541797e+03  4.66955885e+02  2.20972198e+00
400000           -2.55549416e+05 -6.21514533e+04 -1.93402130e+05  4.16663316e+00  0.00000000e+00  0.00000000e+00  0.00000000e+00  0.00000000e+00 -1.16034195e+06  2.24227842e+02  6.21990672e+03  4.66542497e+02  2.16167283e+00
500000           -2.45970526e+05 -5.32143364e+04 -1.92757750e+05  1.56036176e+00  0.00000000e+00  0.00000000e+00  0.00000000e+00  0.00000000e+00 -1.15642702e+06  2.23991486e+02  6.20954837e+03  4.65765540e+02  2.17548076e+00
600000           -2.88361143e+05 -9.48176626e+04 -1.93544075e+05  5.94161621e-01  0.00000000e+00  0.00000000e+00  0.00000000e+00  0.00000000e+00 -1.16105095e+06  2.24290580e+02  6.22218986e+03  4.66713752e+02  2.25823551e+00
700000           -2.73061804e+05 -7.98479667e+04 -1.93213938e+05  1.00661367e-01  0.00000000e+00  0.00000000e+00  0.00000000e+00  0.00000000e+00 -1.15918235e+06  2.24159768e+02  6.21687809e+03  4.66315327e+02  2.23116209e+00
800000           -2.39528861e+05 -4.76367750e+04 -1.91892112e+05  2.67387013e-02  0.00000000e+00  0.00000000e+00  0.00000000e+00  0.00000000e+00 -1.15117540e+06  2.23671605e+02  6.19559558e+03  4.64718971e+02  2.16021426e+00
900000           -3.01416437e+05 -1.08314013e+05 -1.93102426e+05  2.77027153e-03  0.00000000e+00  0.00000000e+00  0.00000000e+00  0.00000000e+00 -1.15841296e+06  2.24125362e+02  6.21508846e+03  4.66181092e+02  2.24636537e+00
1000000          -3.93134830e+05 -1.98262263e+05 -1.94872567e+05  1.20141579e-11  0.00000000e+00  0.00000000e+00  0.00000000e+00  0.00000000e+00 -1.16908911e+06  2.24778751e+02  6.24351658e+03  4.68313427e+02  2.39495406e+00
1100000          -4.07309706e+05 -2.11739974e+05 -1.95569733e+05  1.20141579e-11  0.00000000e+00  0.00000000e+00  0.00000000e+00  0.00000000e+00 -1.17329391e+06  2.25034809e+02  6.25468686e+03  4.69151287e+02  2.40522228e+00
1200000          -3.70920797e+05 -1.76168935e+05 -1.94751862e+05  1.20141579e-11  0.00000000e+00  0.00000000e+00  0.00000000e+00  0.00000000e+00 -1.16837276e+06  2.24733249e+02  6.24157518e+03  4.68167807e+02  2.33591241e+00
1300000          -4.17476299e+05 -2.21119293e+05 -1.96357006e+05  1.20141578e-11  0.00000000e+00  0.00000000e+00  0.00000000e+00  0.00000000e+00 -1.17794850e+06  2.25328377e+02  6.26725877e+03  4.70094280e+02  2.44781935e+00
1400000          -3.27338530e+05 -1.33571615e+05 -1.93766915e+05  1.20141578e-11  0.00000000e+00  0.00000000e+00  0.00000000e+00  0.00000000e+00 -1.16270174e+06  2.24349137e+02  6.22571781e+03  4.66978378e+02  2.30695040e+00
1500000          -2.73311858e+05 -8.07767179e+04 -1.92535140e+05  1.20141578e-11  0.00000000e+00  0.00000000e+00  0.00000000e+00  0.00000000e+00 -1.15498767e+06  2.23915742e+02  6.20596794e+03  4.65496977e+02  2.18185230e+00
1600000          -3.24064279e+05 -1.30705323e+05 -1.93358956e+05  1.20141578e-11  0.00000000e+00  0.00000000e+00  0.00000000e+00  0.00000000e+00 -1.15996590e+06  2.24220739e+02  6.21923046e+03  4.66491772e+02  2.25592489e+00
1700000          -3.44260601e+05 -1.50103943e+05 -1.94156657e+05  1.20141578e-11  0.00000000e+00  0.00000000e+00  0.00000000e+00  0.00000000e+00 -1.16469878e+06  2.24520625e+02  6.23204204e+03  4.67452742e+02  2.27297723e+00
1800000          -3.62786387e+05 -1.68472488e+05 -1.94313899e+05  1.20141578e-11  0.00000000e+00  0.00000000e+00  0.00000000e+00  0.00000000e+00 -1.16578617e+06  2.24569011e+02  6.23456643e+03  4.67642092e+02  2.29725652e+00
1900000          -3.70226614e+05 -1.75489614e+05 -1.94737000e+05  1.20141577e-11  0.00000000e+00  0.00000000e+00  0.00000000e+00  0.00000000e+00 -1.16830005e+06  2.24726803e+02  6.24134081e+03  4.68150224e+02  2.31217523e+00
2000000          -2.98100350e+05 -1.05014468e+05 -1.93085882e+05  1.20141577e-11  0.00000000e+00  0.00000000e+00  0.00000000e+00  0.00000000e+00 -1.15845349e+06  2.24108604e+02  6.21480335e+03  4.66159703e+02  2.21148228e+00
2100000          -2.82177712e+05 -8.91990109e+04 -1.92978701e+05  1.20141577e-11  0.00000000e+00  0.00000000e+00  0.00000000e+00  0.00000000e+00 -1.15782393e+06  2.24069095e+02  6.21310698e+03  4.66032462e+02  2.16933864e+00
2200000          -2.88754048e+05 -9.57605977e+04 -1.92993450e+05  1.20141577e-11  0.00000000e+00  0.00000000e+00  0.00000000e+00  0.00000000e+00 -1.15780085e+06  2.24082397e+02  6.21334615e+03  4.66050402e+02  2.20967040e+00
2300000          -3.02251235e+05 -1.09185499e+05 -1.93065736e+05  1.20141577e-11  0.00000000e+00  0.00000000e+00  0.00000000e+00  0.00000000e+00 -1.15817584e+06  2.24113623e+02  6.21451374e+03  4.66137980e+02  2.22533212e+00
2400000          -3.39760304e+05 -1.45332023e+05 -1.94428281e+05  1.20141577e-11  0.00000000e+00  0.00000000e+00  0.00000000e+00  0.00000000e+00 -1.16643699e+06  2.24613817e+02  6.23640106e+03  4.67779703e+02  2.28138388e+00
2500000          -3.73848303e+05 -1.78855508e+05 -1.94992795e+05  1.20141577e-11  0.00000000e+00  0.00000000e+00  0.00000000e+00  0.00000000e+00 -1.16979456e+06  2.24824054e+02  6.24543857e+03  4.68457589e+02  2.32024242e+00
2600000          -4.00055896e+05 -2.04695863e+05 -1.95360033e+05  1.20141576e-11  0.00000000e+00  0.00000000e+00  0.00000000e+00  0.00000000e+00 -1.17195161e+06  2.24961875e+02  6.25130095e+03  4.68897314e+02  2.35758032e+00
2700000          -5.22363806e+05 -3.23257260e+05 -1.99106545e+05  1.20141576e-11  0.00000000e+00  0.00000000e+00  0.00000000e+00  0.00000000e+00 -1.19443190e+06  2.26328813e+02  6.31097949e+03  4.73373679e+02  2.51866397e+00
2800000          -4.71711027e+05 -2.74147422e+05 -1.97563606e+05  1.20141576e-11  0.00000000e+00  0.00000000e+00  0.00000000e+00  0.00000000e+00 -1.18523243e+06  2.25765559e+02  6.28647855e+03  4.71535914e+02  2.48126570e+00
2900000          -4.13234355e+05 -2.17169392e+05 -1.96064963e+05  1.20141576e-11  0.00000000e+00  0.00000000e+00  0.00000000e+00  0.00000000e+00 -1.17624066e+06  2.25218474e+02  6.26260128e+03  4.69744928e+02  2.41066301e+00
3000000          -4.16913027e+05 -2.20877658e+05 -1.96035369e+05  1.20141576e-11  0.00000000e+00  0.00000000e+00  0.00000000e+00  0.00000000e+00 -1.17608118e+06  2.25206103e+02  6.26212329e+03  4.69709075e+02  2.37819811e+00
3100000          -4.56739195e+05 -2.60156800e+05 -1.96582395e+05  1.20141576e-11  0.00000000e+00  0.00000000e+00  0.00000000e+00  0.00000000e+00 -1.17931057e+06  2.25410138e+02  6.27085302e+03  4.70363875e+02  2.45425891e+00
3200000          -5.30298942e+05 -3.31761414e+05 -1.98537527e+05  1.20141576e-11  0.00000000e+00  0.00000000e+00  0.00000000e+00  0.00000000e+00 -1.19104983e+06  2.26120956e+02  6.30195601e+03  4.72696846e+02  2.58545631e+00
3300000          -6.07810114e+05 -4.06928720e+05 -2.00881394e+05  1.20141575e-11  0.00000000e+00  0.00000000e+00  0.00000000e+00  0.00000000e+00 -1.20509550e+06  2.26964959e+02  6.33903763e+03  4.75478263e+02  2.67353247e+00
3400000          -5.43797239e+05 -3.44287040e+05 -1.99510199e+05  1.20141575e-11  0.00000000e+00  0.00000000e+00  0.00000000e+00  0.00000000e+00 -1.19703947e+06  2.26461278e+02  6.31736879e+03  4.73852928e+02  2.59472395e+00
3500000          -4.88915479e+05 -2.90969298e+05 -1.97946181e+05  1.20141575e-11  0.00000000e+00  0.00000000e+00  0.00000000e+00  0.00000000e+00 -1.18753855e+06  2.25904246e+02  6.29256916e+03  4.71992758e+02  2.50650145e+00
3600000          -4.91120639e+05 -2.93685066e+05 -1.97435572e+05  1.20141575e-11  0.00000000e+00  0.00000000e+00  0.00000000e+00  0.00000000e+00 -1.18445524e+06  2.25720119e+02  6.28445246e+03  4.71383941e+02  2.50059373e+00
3700000          -4.95532928e+05 -2.97667089e+05 -1.97865840e+05  1.20141575e-11  0.00000000e+00  0.00000000e+00  0.00000000e+00  0.00000000e+00 -1.18697552e+06  2.25880804e+02  6.29129501e+03  4.71897187e+02  2.51858849e+00
3800000          -4.68068733e+05 -2.70806298e+05 -1.97262435e+05  1.20141575e-11  0.00000000e+00  0.00000000e+00  0.00000000e+00  0.00000000e+00 -1.18346779e+06  2.25653510e+02  6.28169694e+03  4.71177255e+02  2.48126642e+00
3900000          -5.03841920e+05 -3.05836918e+05 -1.98005002e+05  1.20141575e-11  0.00000000e+00  0.00000000e+00  0.00000000e+00  0.00000000e+00 -1.18773465e+06  2.25936037e+02  6.29349565e+03  4.72062252e+02  2.52945059e+00
4000000          -4.81205527e+05 -2.83590480e+05 -1.97615047e+05  1.20141574e-11  0.00000000e+00  0.00000000e+00  0.00000000e+00  0.00000000e+00 -1.18560080e+06  2.25780298e+02  6.28729995e+03  4.71597525e+02  2.48742670e+00
4100000          -4.31549655e+05 -2.35526327e+05 -1.96023328e+05  1.20141574e-11  0.00000000e+00  0.00000000e+00  0.00000000e+00  0.00000000e+00 -1.17607551e+06  2.25196829e+02  6.26192581e+03  4.69694263e+02  2.41220670e+00
4200000          -4.23029215e+05 -2.26859912e+05 -1.96169303e+05  1.20141574e-11  0.00000000e+00  0.00000000e+00  0.00000000e+00  0.00000000e+00 -1.17685538e+06  2.25257234e+02  6.26426140e+03  4.69869451e+02  2.40175749e+00
4300000          -4.01473708e+05 -2.06151669e+05 -1.95322039e+05  1.20141574e-11  0.00000000e+00  0.00000000e+00  0.00000000e+00  0.00000000e+00 -1.17188649e+06  2.24937771e+02  6.25071652e+03  4.68853477e+02  2.36473952e+00
4400000          -4.13999331e+05 -2.18056276e+05 -1.95943055e+05  1.20141574e-11  0.00000000e+00  0.00000000e+00  0.00000000e+00  0.00000000e+00 -1.17548438e+06  2.25174676e+02  6.26063829e+03  4.69597689e+02  2.36652296e+00
4500000          -4.23480806e+05 -2.26946636e+05 -1.96534169e+05  1.20141574e-11  0.00000000e+00  0.00000000e+00  0.00000000e+00  0.00000000e+00 -1.17912071e+06  2.25385813e+02  6.27008791e+03  4.70306485e+02  2.38289926e+00
4600000          -4.08317807e+05 -2.12097420e+05 -1.96220387e+05  1.20141574e-11  0.00000000e+00  0.00000000e+00  0.00000000e+00  0.00000000e+00 -1.17721841e+06  2.25272232e+02  6.26508055e+03  4.69930893e+02  2.36174064e+00
4700000          -4.02052444e+05 -2.06250982e+05 -1.95801462e+05  1.20141573e-11  0.00000000e+00  0.00000000e+00  0.00000000e+00  0.00000000e+00 -1.17464670e+06  2.25122366e+02  6.25838642e+03  4.69428780e+02  2.36779439e+00
4800000          -4.16912639e+05 -2.20965177e+05 -1.95947462e+05  1.20141573e-11  0.00000000e+00  0.00000000e+00  0.00000000e+00  0.00000000e+00 -1.17566676e+06  2.25166188e+02  6.26072249e+03  4.69604004e+02  2.40240988e+00
4900000          -3.69759419e+05 -1.75038298e+05 -1.94721121e+05  1.20141573e-11  0.00000000e+00  0.00000000e+00  0.00000000e+00  0.00000000e+00 -1.16821170e+06  2.24721273e+02  6.24110305e+03  4.68132390e+02  2.33558101e+00
5000000          -3.64946909e+05 -1.70412664e+05 -1.94534245e+05  1.20141573e-11  0.00000000e+00  0.00000000e+00  0.00000000e+00  0.00000000e+00 -1.16702845e+06  2.24656039e+02  6.23809906e+03  4.67907067e+02  2.31749572e+00
5100000          -3.91235330e+05 -1.95922622e+05 -1.95312708e+05  1.20141573e-11  0.00000000e+00  0.00000000e+00  0.00000000e+00  0.00000000e+00 -1.17176341e+06  2.24937927e+02  6.25054586e+03  4.68840676e+02  2.35798780e+00
5200000          -4.16719337e+05 -2.20703453e+05 -1.96015884e+05  1.20141573e-11  0.00000000e+00  0.00000000e+00  0.00000000e+00  0.00000000e+00 -1.17593103e+06  2.25201267e+02  6.26181241e+03  4.69685757e+02  2.38074062e+00
5300000          -4.14610514e+05 -2.18768121e+05 -1.95842394e+05  1.20141573e-11  0.00000000e+00  0.00000000e+00  0.00000000e+00  0.00000000e+00 -1.17498549e+06  2.25130811e+02  6.25903747e+03  4.69477614e+02  2.39949421e+00
5400000          -3.44961563e+05 -1.51070496e+05 -1.93891067e+05  1.20141572e-11  0.00000000e+00  0.00000000e+00  0.00000000e+00  0.00000000e+00 -1.16309868e+06  2.24422128e+02  6.22776971e+03  4.67132284e+02  2.30061645e+00
5500000          -3.64918546e+05 -1.70350403e+05 -1.94568144e+05  1.20141572e-11  0.00000000e+00  0.00000000e+00  0.00000000e+00  0.00000000e+00 -1.16737866e+06  2.24658631e+02  6.23864666e+03  4.67948141e+02  2.33187037e+00
5600000          -4.30125980e+05 -2.34080639e+05 -1.96045341e+05  1.20141572e-11  0.00000000e+00  0.00000000e+00  0.00000000e+00  0.00000000e+00 -1.17612965e+06  2.25210106e+02  6.26227352e+03  4.69720344e+02  2.40983472e+00
5700000          -4.13480453e+05 -2.17821107e+05 -1.95659346e+05  1.20141572e-11  0.00000000e+00  0.00000000e+00  0.00000000e+00  0.00000000e+00 -1.17377979e+06  2.25071100e+02  6.25611461e+03  4.69258377e+02  2.35744965e+00
5800000          -4.06587715e+05 -2.11267262e+05 -1.95320453e+05  1.20141572e-11  0.00000000e+00  0.00000000e+00  0.00000000e+00  0.00000000e+00 -1.17176052e+06  2.24945597e+02  6.25069849e+03  4.68852124e+02  2.35964337e+00
5900000          -4.11115244e+05 -2.15444493e+05 -1.95670752e+05  1.20141572e-11  0.00000000e+00  0.00000000e+00  0.00000000e+00  0.00000000e+00 -1.17394311e+06  2.25068971e+02  6.25630178e+03  4.69272416e+02  2.37932560e+00
6000000          -4.33078831e+05 -2.36882571e+05 -1.96196260e+05  1.20141572e-11  0.00000000e+00  0.00000000e+00  0.00000000e+00  0.00000000e+00 -1.17695567e+06  2.25270564e+02  6.26467538e+03  4.69900502e+02  2.42708416e+00
6100000          -4.64168143e+05 -2.67018286e+05 -1.97149857e+05  1.20141571e-11  0.00000000e+00  0.00000000e+00  0.00000000e+00  0.00000000e+00 -1.18267036e+06  2.25620715e+02  6.27990062e+03  4.71042517e+02  2.49096986e+00
6200000          -5.16547769e+05 -3.18120894e+05 -1.98426875e+05  1.20141571e-11  0.00000000e+00  0.00000000e+00  0.00000000e+00  0.00000000e+00 -1.19042782e+06  2.26078247e+02  6.30020491e+03  4.72565500e+02  2.54588389e+00
6300000          -4.66203995e+05 -2.69325163e+05 -1.96878833e+05  1.20141571e-11  0.00000000e+00  0.00000000e+00  0.00000000e+00  0.00000000e+00 -1.18112297e+06  2.25516315e+02  6.27558213e+03  4.70718595e+02  2.45231192e+00
6400000          -4.45153323e+05 -2.48662673e+05 -1.96490650e+05  1.20141571e-11  0.00000000e+00  0.00000000e+00  0.00000000e+00  0.00000000e+00 -1.17880044e+06  2.25374060e+02  6.26939543e+03  4.70254544e+02  2.42774845e+00
6500000          -4.19143662e+05 -2.23403250e+05 -1.95740413e+05  1.20141571e-11  0.00000000e+00  0.00000000e+00  0.00000000e+00  0.00000000e+00 -1.17438250e+06  2.25093026e+02  6.25741384e+03  4.69355829e+02  2.38941686e+00
6600000          -4.29904959e+05 -2.33966357e+05 -1.95938603e+05  1.20141571e-11  0.00000000e+00  0.00000000e+00  0.00000000e+00  0.00000000e+00 -1.17539279e+06  2.25178211e+02  6.26058114e+03  4.69593402e+02  2.40369007e+00
6700000          -3.70445757e+05 -1.75814763e+05 -1.94630994e+05  1.20141571e-11  0.00000000e+00  0.00000000e+00  0.00000000e+00  0.00000000e+00 -1.16776329e+06  2.24680978e+02  6.23964646e+03  4.68023134e+02  2.33766807e+00
6800000          -4.12545041e+05 -2.16532648e+05 -1.96012394e+05  1.20141570e-11  0.00000000e+00  0.00000000e+00  0.00000000e+00  0.00000000e+00 -1.17588194e+06  2.25201464e+02  6.26174708e+03  4.69680857e+02  2.40711912e+00
6900000          -4.13545632e+05 -2.18231584e+05 -1.95314048e+05  1.20141570e-11  0.00000000e+00  0.00000000e+00  0.00000000e+00  0.00000000e+00 -1.17167811e+06  2.24946244e+02  6.25059531e+03  4.68844385e+02  2.38818891e+00
7000000          -5.24214705e+05 -3.25796008e+05 -1.98418697e+05  1.20141570e-11  0.00000000e+00  0.00000000e+00  0.00000000e+00  0.00000000e+00 -1.19021788e+06  2.26085786e+02  6.30006243e+03  4.72554813e+02  2.55519960e+00
7100000          -4.43465916e+05 -2.46697097e+05 -1.96768819e+05  1.20141570e-11  0.00000000e+00  0.00000000e+00  0.00000000e+00  0.00000000e+00 -1.18049545e+06  2.25472827e+02  6.27380733e+03  4.70585471e+02  2.43177529e+00
7200000          -4.61940682e+05 -2.65096888e+05 -1.96843795e+05  1.20141570e-11  0.00000000e+00  0.00000000e+00  0.00000000e+00  0.00000000e+00 -1.18093157e+06  2.25502146e+02  6.27502231e+03  4.70676605e+02  2.45969378e+00
7300000          -4.15030580e+05 -2.19747821e+05 -1.95282759e+05  1.20141570e-11  0.00000000e+00  0.00000000e+00  0.00000000e+00  0.00000000e+00 -1.17161100e+06  2.24926311e+02  6.25009327e+03  4.68806728e+02  2.39156516e+00
7400000          -4.09442490e+05 -2.14302204e+05 -1.95140286e+05  1.20141570e-11  0.00000000e+00  0.00000000e+00  0.00000000e+00  0.00000000e+00 -1.17072703e+06  2.24875740e+02  6.24781157e+03  4.68635583e+02  2.38295830e+00
7500000          -3.78576673e+05 -1.83773303e+05 -1.94803370e+05  1.20141569e-11  0.00000000e+00  0.00000000e+00  0.00000000e+00  0.00000000e+00 -1.16868798e+06  2.24752756e+02  6.24241897e+03  4.68231095e+02  2.34002077e+00
7600000          -4.31766499e+05 -2.35711545e+05 -1.96054954e+05  1.20141569e-11  0.00000000e+00  0.00000000e+00  0.00000000e+00  0.00000000e+00 -1.17613862e+06  2.25217321e+02  6.26243361e+03  4.69732352e+02  2.40102982e+00
7700000          -4.10617894e+05 -2.15135076e+05 -1.95482818e+05  1.20141569e-11  0.00000000e+00  0.00000000e+00  0.00000000e+00  0.00000000e+00 -1.17282356e+06  2.24998459e+02  6.25327993e+03  4.69045753e+02  2.38514358e+00
7800000          -3.51797818e+05 -1.57286765e+05 -1.94511053e+05  1.20141569e-11  0.00000000e+00  0.00000000e+00  0.00000000e+00  0.00000000e+00 -1.16692722e+06  2.24644872e+02  6.23772792e+03  4.67879229e+02  2.29827093e+00
7900000          -3.51839619e+05 -1.57200613e+05 -1.94639006e+05  1.20141569e-11  0.00000000e+00  0.00000000e+00  0.00000000e+00  0.00000000e+00 -1.16773715e+06  2.24689548e+02  6.23978463e+03  4.68033498e+02  2.31114992e+00
8000000          -3.10022331e+05 -1.16363183e+05 -1.93659149e+05  1.20141569e-11  0.00000000e+00  0.00000000e+00  0.00000000e+00  0.00000000e+00 -1.16184390e+06  2.24327024e+02  6.22405443e+03  4.66853608e+02  2.24270411e+00
8100000          -3.33337430e+05 -1.39580296e+05 -1.93757135e+05  1.20141569e-11  0.00000000e+00  0.00000000e+00  0.00000000e+00  0.00000000e+00 -1.16233660e+06  2.24370029e+02  6.22562893e+03  4.66971708e+02  2.27296328e+00
8200000          -4.35187459e+05 -2.38559876e+05 -1.96627582e+05  1.20141568e-11  0.00000000e+00  0.00000000e+00  0.00000000e+00  0.00000000e+00 -1.17954660e+06  2.25429225e+02  6.27157635e+03  4.70418130e+02  2.41619258e+00
8300000          -4.40392141e+05 -2.44079952e+05 -1.96312190e+05  1.20141568e-11  0.00000000e+00  0.00000000e+00  0.00000000e+00  0.00000000e+00 -1.17777580e+06  2.25305235e+02  6.26654209e+03  4.70040521e+02  2.41634829e+00
8400000          -4.16713461e+05 -2.21212784e+05 -1.95500677e+05  1.20141568e-11  0.00000000e+00  0.00000000e+00  0.00000000e+00  0.00000000e+00 -1.17276656e+06  2.25016540e+02  6.25356882e+03  4.69067422e+02  2.40088605e+00
8500000          -4.34996895e+05 -2.38964206e+05 -1.96032689e+05  1.20141568e-11  0.00000000e+00  0.00000000e+00  0.00000000e+00  0.00000000e+00 -1.17602708e+06  2.25207948e+02  6.26208456e+03  4.69706170e+02  2.41786872e+00
8600000          -4.15102667e+05 -2.19513525e+05 -1.95589142e+05  1.20141568e-11  0.00000000e+00  0.00000000e+00  0.00000000e+00  0.00000000e+00 -1.17340268e+06  2.25041497e+02  6.25497716e+03  4.69173059e+02  2.40478714e+00
8700000          -4.14801970e+05 -2.19186136e+05 -1.95615834e+05  1.20141568e-11  0.00000000e+00  0.00000000e+00  0.00000000e+00  0.00000000e+00 -1.17357901e+06  2.25051169e+02  6.25542383e+03  4.69206563e+02  2.37318213e+00
8800000          -3.70366879e+05 -1.75703921e+05 -1.94662958e+05  1.20141567e-11  0.00000000e+00  0.00000000e+00  0.00000000e+00  0.00000000e+00 -1.16781995e+06  2.24702538e+02  6.24016698e+03  4.68062177e+02  2.32092684e+00
8900000          -3.28853415e+05 -1.34940133e+05 -1.93913282e+05  1.20141567e-11  0.00000000e+00  0.00000000e+00  0.00000000e+00  0.00000000e+00 -1.16332747e+06  2.24424151e+02  6.22813418e+03  4.67159622e+02  2.27215649e+00
9000000          -3.91100321e+05 -1.96291727e+05 -1.94808594e+05  1.20141567e-11  0.00000000e+00  0.00000000e+00  0.00000000e+00  0.00000000e+00 -1.16854123e+06  2.24766625e+02  6.24249503e+03  4.68236800e+02  2.37736895e+00
9100000          -4.15291335e+05 -2.19961049e+05 -1.95330285e+05  1.20141567e-11  0.00000000e+00  0.00000000e+00  0.00000000e+00  0.00000000e+00 -1.17185983e+06  2.24946136e+02  6.25084977e+03  4.68863472e+02  2.39074234e+00
9200000          -4.79931941e+05 -2.82743736e+05 -1.97188205e+05  1.20141567e-11  0.00000000e+00  0.00000000e+00  0.00000000e+00  0.00000000e+00 -1.18282677e+06  2.25638553e+02  6.28048597e+03  4.71086423e+02  2.47540226e+00
9300000          -5.07075783e+05 -3.09359566e+05 -1.97716218e+05  1.20141567e-11  0.00000000e+00  0.00000000e+00  0.00000000e+00  0.00000000e+00 -1.18618862e+06  2.25818030e+02  6.28890109e+03  4.71717623e+02  2.50704077e+00
9400000          -4.51917097e+05 -2.55578840e+05 -1.96338258e+05  1.20141567e-11  0.00000000e+00  0.00000000e+00  0.00000000e+00  0.00000000e+00 -1.17802258e+06  2.25307275e+02  6.26693234e+03  4.70069792e+02  2.43738693e+00
9500000          -4.78455521e+05 -2.81847555e+05 -1.96607965e+05  1.20141566e-11  0.00000000e+00  0.00000000e+00  0.00000000e+00  0.00000000e+00 -1.17943437e+06  2.25421574e+02  6.27126153e+03  4.70394516e+02  2.45686485e+00
9600000          -4.41139383e+05 -2.44709636e+05 -1.96429747e+05  1.20141566e-11  0.00000000e+00  0.00000000e+00  0.00000000e+00  0.00000000e+00 -1.17844593e+06  2.25350152e+02  6.26840625e+03  4.70180347e+02  2.42058576e+00
9700000          -4.68827551e+05 -2.71494647e+05 -1.97332904e+05  1.20141566e-11  0.00000000e+00  0.00000000e+00  0.00000000e+00  0.00000000e+00 -1.18377165e+06  2.25687126e+02  6.28281290e+03  4.71260961e+02  2.47537232e+00
9800000          -4.16962861e+05 -2.21115659e+05 -1.95847202e+05  1.20141566e-11  0.00000000e+00  0.00000000e+00  0.00000000e+00  0.00000000e+00 -1.17503719e+06  2.25131124e+02  6.25911689e+03  4.69483571e+02  2.39652140e+00
9900000          -3.72512426e+05 -1.77711953e+05 -1.94800472e+05  1.20141566e-11  0.00000000e+00  0.00000000e+00  0.00000000e+00  0.00000000e+00 -1.16877288e+06  2.24742782e+02  6.24233511e+03  4.68224804e+02  2.32092660e+00
10000000         -3.21320542e+05 -1.27939005e+05 -1.93381537e+05  1.20141566e-11  0.00000000e+00  0.00000000e+00  0.00000000e+00  0.00000000e+00 -1.16014189e+06  2.24226279e+02  6.21959222e+03  4.66518907e+02  2.25836834e+00
10100000         -3.99638669e+05 -2.04440253e+05 -1.95198416e+05  1.20141566e-11  0.00000000e+00  0.00000000e+00  0.00000000e+00  0.00000000e+00 -1.17102674e+06  2.24900572e+02  6.24874220e+03  4.68705387e+02  2.36759990e+00
10200000         -3.86462902e+05 -1.91601540e+05 -1.94861362e+05  1.20141565e-11  0.00000000e+00  0.00000000e+00  0.00000000e+00  0.00000000e+00 -1.16900641e+06  2.24776190e+02  6.24334749e+03  4.68300741e+02  2.36273531e+00
10300000         -3.97918482e+05 -2.02063052e+05 -1.95855430e+05  1.20141565e-11  0.00000000e+00  0.00000000e+00  0.00000000e+00  0.00000000e+00 -1.17499463e+06  2.25140700e+02  6.25925242e+03  4.69493737e+02  2.38334900e+00
10400000         -3.62607608e+05 -1.67421140e+05 -1.95186468e+05  1.20141565e-11  0.00000000e+00  0.00000000e+00  0.00000000e+00  0.00000000e+00 -1.17103691e+06  2.24889657e+02  6.24853357e+03  4.68689738e+02  2.30596467e+00
10500000         -3.36334226e+05 -1.42535805e+05 -1.93798421e+05  1.20141565e-11  0.00000000e+00  0.00000000e+00  0.00000000e+00  0.00000000e+00 -1.16267979e+06  2.24378819e+02  6.22629324e+03  4.67021537e+02  2.27351689e+00
10600000         -3.30562055e+05 -1.36781341e+05 -1.93780714e+05  1.20141565e-11  0.00000000e+00  0.00000000e+00  0.00000000e+00  0.00000000e+00 -1.16256872e+06  2.24371961e+02  6.22599624e+03  4.66999259e+02  2.26057902e+00
10700000         -3.52925019e+05 -1.58742775e+05 -1.94182245e+05  1.20141565e-11  0.00000000e+00  0.00000000e+00  0.00000000e+00  0.00000000e+00 -1.16494188e+06  2.24523886e+02  6.23245202e+03  4.67483494e+02  2.28621948e+00
10800000         -3.63882833e+05 -1.69577572e+05 -1.94305261e+05  1.20141565e-11  0.00000000e+00  0.00000000e+00  0.00000000e+00  0.00000000e+00 -1.16571496e+06  2.24567161e+02  6.23442806e+03  4.67631713e+02  2.31611052e+00
10900000         -4.09061095e+05 -2.14051232e+05 -1.95009863e+05  1.20141565e-11  0.00000000e+00  0.00000000e+00  0.00000000e+00  0.00000000e+00 -1.16989102e+06  2.24830431e+02  6.24570508e+03  4.68477579e+02  2.38008216e+00
11000000         -4.28659408e+05 -2.32754421e+05 -1.95904987e+05  1.20141564e-11  0.00000000e+00  0.00000000e+00  0.00000000e+00  0.00000000e+00 -1.17533668e+06  2.25155732e+02  6.26004264e+03  4.69553010e+02  2.43289768e+00
11100000         -3.91591101e+05 -1.96441108e+05 -1.95149993e+05  1.20141564e-11  0.00000000e+00  0.00000000e+00  0.00000000e+00  0.00000000e+00 -1.17075048e+06  2.24881586e+02  6.24796411e+03  4.68647024e+02  2.35523302e+00
11200000         -4.26808941e+05 -2.30948693e+05 -1.95860249e+05  1.20141564e-11  0.00000000e+00  0.00000000e+00  0.00000000e+00  0.00000000e+00 -1.17492357e+06  2.25148363e+02  6.25930862e+03  4.69497953e+02  2.40244589e+00
11300000         -4.07102942e+05 -2.11741647e+05 -1.95361295e+05  1.20141564e-11  0.00000000e+00  0.00000000e+00  0.00000000e+00  0.00000000e+00 -1.17217383e+06  2.24948836e+02  6.25134842e+03  4.68900874e+02  2.37494335e+00
11400000         -4.33046119e+05 -2.37098836e+05 -1.95947283e+05  1.20141564e-11  0.00000000e+00  0.00000000e+00  0.00000000e+00  0.00000000e+00 -1.17550219e+06  2.25176874e+02  6.26070835e+03  4.69602944e+02  2.39883579e+00
11500000         -4.87599424e+05 -2.89924668e+05 -1.97674757e+05  1.20141564e-11  0.00000000e+00  0.00000000e+00  0.00000000e+00  0.00000000e+00 -1.18590407e+06  2.25806132e+02  6.28825610e+03  4.71669244e+02  2.49013193e+00
11600000         -5.19509179e+05 -3.20875304e+05 -1.98633875e+05  1.20141563e-11  0.00000000e+00  0.00000000e+00  0.00000000e+00  0.00000000e+00 -1.19163986e+06  2.26154985e+02  6.30348462e+03  4.72811504e+02  2.54281365e+00
11700000         -4.78067264e+05 -2.80260200e+05 -1.97807064e+05  1.20141563e-11  0.00000000e+00  0.00000000e+00  0.00000000e+00  0.00000000e+00 -1.18679476e+06  2.25846954e+02  6.29034813e+03  4.71826163e+02  2.49105142e+00
11800000         -4.87308519e+05 -2.89673844e+05 -1.97634675e+05  1.20141563e-11  0.00000000e+00  0.00000000e+00  0.00000000e+00  0.00000000e+00 -1.18554078e+06  2.25798741e+02  6.28759196e+03  4.71619428e+02  2.49881056e+00
11900000         -4.44370272e+05 -2.47922980e+05 -1.96447291e+05  1.20141563e-11  0.00000000e+00  0.00000000e+00  0.00000000e+00  0.00000000e+00 -1.17866763e+06  2.25344609e+02  6.26860616e+03  4.70195342e+02  2.43431148e+00
12000000         -3.44098886e+05 -1.49910657e+05 -1.94188229e+05  1.20141563e-11  0.00000000e+00  0.00000000e+00  0.00000000e+00  0.00000000e+00 -1.16494016e+06  2.24528429e+02  6.23254241e+03  4.67490274e+02  2.26348184e+00
12100000         -3.15247023e+05 -1.21887577e+05 -1.93359447e+05  1.20141563e-11  0.00000000e+00  0.00000000e+00  0.00000000e+00  0.00000000e+00 -1.16017372e+06  2.24206406e+02  6.21923118e+03  4.66491826e+02  2.24376696e+00
12200000         -2.88826778e+05 -9.58624175e+04 -1.92964360e+05  1.20141563e-11  0.00000000e+00  0.00000000e+00  0.00000000e+00  0.00000000e+00 -1.15767423e+06  2.24066774e+02  6.21284811e+03  4.66013045e+02  2.18900078e+00
12300000         -3.13343068e+05 -1.20064946e+05 -1.93278122e+05  1.20141562e-11  0.00000000e+00  0.00000000e+00  0.00000000e+00  0.00000000e+00 -1.15957223e+06  2.24184096e+02  6.21792581e+03  4.66393913e+02  2.22980634e+00
12400000         -3.52857240e+05 -1.58445721e+05 -1.94411519e+05  1.20141562e-11  0.00000000e+00  0.00000000e+00  0.00000000e+00  0.00000000e+00 -1.16621241e+06  2.24615730e+02  6.23612294e+03  4.67758842e+02  2.29040961e+00
12500000         -3.62795679e+05 -1.68306494e+05 -1.94489186e+05  1.20141562e-11  0.00000000e+00  0.00000000e+00  0.00000000e+00  0.00000000e+00 -1.16685031e+06  2.24632319e+02  6.23736285e+03  4.67851845e+02  2.31632940e+00
12600000         -4.24860238e+05 -2.28784950e+05 -1.96075287e+05  1.20141562e-11  0.00000000e+00  0.00000000e+00  0.00000000e+00  0.00000000e+00 -1.17614436e+06  2.25233035e+02  6.26276275e+03  4.69757040e+02  2.38161075e+00
12700000         -3.60315259e+05 -1.65802691e+05 -1.94512567e+05  1.20141562e-11  0.00000000e+00  0.00000000e+00  0.00000000e+00  0.00000000e+00 -1.16705547e+06  2.24636551e+02  6.23773908e+03  4.67880066e+02  2.30296860e+00
12800000         -3.37231586e+05 -1.43593334e+05 -1.93638252e+05  1.20141562e-11  0.00000000e+00  0.00000000e+00  0.00000000e+00  0.00000000e+00 -1.16172175e+06  2.24319367e+02  6.22372546e+03  4.66828933e+02  2.28284661e+00
12900000         -3.46817378e+05 -1.52983101e+05 -1.93834277e+05  1.20141562e-11  0.00000000e+00  0.00000000e+00  0.00000000e+00  0.00000000e+00 -1.16291495e+06  2.24390783e+02  6.22686982e+03  4.67064785e+02  2.29094598e+00
13000000         -3.63978487e+05 -1.69259873e+05 -1.94718614e+05  1.20141561e-11  0.00000000e+00  0.00000000e+00  0.00000000e+00  0.00000000e+00 -1.16818045e+06  2.24721122e+02  6.24105583e+03  4.68128848e+02  2.30242388e+00
13100000         -3.70315476e+05 -1.75361981e+05 -1.94953494e+05  1.20141561e-11  0.00000000e+00  0.00000000e+00  0.00000000e+00  0.00000000e+00 -1.16944826e+06  2.24816918e+02  6.24480364e+03  4.68409964e+02  2.31418851e+00
13200000         -3.82543644e+05 -1.87170532e+05 -1.95373112e+05  1.20141561e-11  0.00000000e+00  0.00000000e+00  0.00000000e+00  0.00000000e+00 -1.17206934e+06  2.24964804e+02  6.25152706e+03  4.68914274e+02  2.31494186e+00
13300000         -3.47724929e+05 -1.53421143e+05 -1.94303786e+05  1.20141561e-11  0.00000000e+00  0.00000000e+00  0.00000000e+00  0.00000000e+00 -1.16567873e+06  2.24568347e+02  6.23440111e+03  4.67629691e+02  2.27725029e+00
13400000         -2.86308970e+05 -9.34389430e+04 -1.92870027e+05  1.20141561e-11  0.00000000e+00  0.00000000e+00  0.00000000e+00  0.00000000e+00 -1.15708315e+06  2.24035059e+02  6.21136532e+03  4.65901824e+02  2.19255151e+00
13500000         -3.37203471e+05 -1.43040674e+05 -1.94162797e+05  1.20141561e-11  0.00000000e+00  0.00000000e+00  0.00000000e+00  0.00000000e+00 -1.16473658e+06  2.24522786e+02  6.23213958e+03  4.67460059e+02  2.29454083e+00
13600000         -3.82513484e+05 -1.87737745e+05 -1.94775739e+05  1.20141561e-11  0.00000000e+00  0.00000000e+00  0.00000000e+00  0.00000000e+00 -1.16844166e+06  2.24747995e+02  6.24197379e+03  4.68197703e+02  2.34455200e+00
13700000         -3.35849766e+05 -1.41759334e+05 -1.94090433e+05  1.20141560e-11  0.00000000e+00  0.00000000e+00  0.00000000e+00  0.00000000e+00 -1.16440281e+06  2.24489098e+02  6.23097989e+03  4.67373073e+02  2.26183873e+00
13800000         -2.90501620e+05 -9.78965046e+04 -1.92605115e+05  1.20141560e-11  0.00000000e+00  0.00000000e+00  0.00000000e+00  0.00000000e+00 -1.15553929e+06  2.23932698e+02  6.20709347e+03  4.65581401e+02  2.20272635e+00
13900000         -2.76414940e+05 -8.38860958e+04 -1.92528845e+05  1.20141560e-11  0.00000000e+00  0.00000000e+00  0.00000000e+00  0.00000000e+00 -1.15502814e+06  2.23908021e+02  6.20586735e+03  4.65489432e+02  2.19252914e+00
14000000         -3.30128783e+05 -1.36021970e+05 -1.94106813e+05  1.20141560e-11  0.00000000e+00  0.00000000e+00  0.00000000e+00  0.00000000e+00 -1.16445121e+06  2.24498712e+02  6.23124469e+03  4.67392935e+02  2.25121088e+00
14100000         -2.73981808e+05 -8.17164538e+04 -1.92265354e+05  1.20141560e-11  0.00000000e+00  0.00000000e+00  0.00000000e+00  0.00000000e+00 -1.15350911e+06  2.23804721e+02  6.20161139e+03  4.65170201e+02  2.17903842e+00
14200000         -3.67230969e+05 -1.72473910e+05 -1.94757059e+05  1.20141560e-11  0.00000000e+00  0.00000000e+00  0.00000000e+00  0.00000000e+00 -1.16832572e+06  2.24740898e+02  6.24166505e+03  4.68174545e+02  2.33830427e+00
14300000         -2.76632322e+05 -8.39340474e+04 -1.92698274e+05  1.20141560e-11  0.00000000e+00  0.00000000e+00  0.00000000e+00  0.00000000e+00 -1.15607527e+06  2.23968640e+02  6.20858481e+03  4.65693263e+02  2.19155154e+00
14400000         -2.91277893e+05 -9.82242190e+04 -1.93053674e+05  1.20141559e-11  0.00000000e+00  0.00000000e+00  0.00000000e+00  0.00000000e+00 -1.15818881e+06  2.24102517e+02  6.21430516e+03  4.66122335e+02  2.21467181e+00
14500000         -3.76401318e+05 -1.81184962e+05 -1.95216356e+05  1.20141559e-11  0.00000000e+00  0.00000000e+00  0.00000000e+00  0.00000000e+00 -1.17110338e+06  2.24909128e+02  6.24902524e+03  4.68726617e+02  2.34387144e+00
14600000         -3.83452764e+05 -1.88545714e+05 -1.94907050e+05  1.20141559e-11  0.00000000e+00  0.00000000e+00  0.00000000e+00  0.00000000e+00 -1.16931020e+06  2.24790944e+02  6.24407799e+03  4.68355534e+02  2.34235862e+00
14700000         -3.77732835e+05 -1.83372069e+05 -1.94360767e+05  1.20141559e-11  0.00000000e+00  0.00000000e+00  0.00000000e+00  0.00000000e+00 -1.16597475e+06  2.24593020e+02  6.23532330e+03  4.67698863e+02  2.33194026e+00
14800000         -3.20399257e+05 -1.27082486e+05 -1.93316772e+05  1.20141559e-11  0.00000000e+00  0.00000000e+00  0.00000000e+00  0.00000000e+00 -1.15984958e+06  2.24195644e+02  6.21855348e+03  4.66440993e+02  2.25738535e+00
14900000         -3.33837542e+05 -1.40347141e+05 -1.93490401e+05  1.20141559e-11  0.00000000e+00  0.00000000e+00  0.00000000e+00  0.00000000e+00 -1.16070016e+06  2.24273056e+02  6.22133640e+03  4.66649734e+02  2.26895093e+00
15000000         -3.56620266e+05 -1.62310295e+05 -1.94309971e+05  1.20141559e-11  0.00000000e+00  0.00000000e+00  0.00000000e+00  0.00000000e+00 -1.16578945e+06  2.24565738e+02  6.23450420e+03  4.67637424e+02  2.31104778e+00
15100000         -4.12303387e+05 -2.16887914e+05 -1.95415473e+05  1.20141558e-11  0.00000000e+00  0.00000000e+00  0.00000000e+00  0.00000000e+00 -1.17230264e+06  2.24982241e+02  6.25221283e+03  4.68965712e+02  2.39707245e+00
15200000         -4.16574761e+05 -2.20383821e+05 -1.96190940e+05  1.20141558e-11  0.00000000e+00  0.00000000e+00  0.00000000e+00  0.00000000e+00 -1.17700336e+06  2.25263725e+02  6.26460302e+03  4.69895075e+02  2.40615041e+00
15300000         -4.78740201e+05 -2.80722699e+05 -1.98017502e+05  1.20141558e-11  0.00000000e+00  0.00000000e+00  0.00000000e+00  0.00000000e+00 -1.18793973e+06  2.25931867e+02  6.29370011e+03  4.72077588e+02  2.47902823e+00
15400000         -4.29965079e+05 -2.33328261e+05 -1.96636818e+05  1.20141558e-11  0.00000000e+00  0.00000000e+00  0.00000000e+00  0.00000000e+00 -1.17977588e+06  2.25419579e+02  6.27170313e+03  4.70427640e+02  2.42604889e+00
15500000         -4.35320808e+05 -2.38372501e+05 -1.96948307e+05  1.20141558e-11  0.00000000e+00  0.00000000e+00  0.00000000e+00  0.00000000e+00 -1.18156651e+06  2.25539951e+02  6.27669148e+03  4.70801806e+02  2.41993624e+00
15600000         -4.74839001e+05 -2.77243353e+05 -1.97595648e+05  1.20141558e-11  0.00000000e+00  0.00000000e+00  0.00000000e+00  0.00000000e+00 -1.18538328e+06  2.25780581e+02  6.28699850e+03  4.71574914e+02  2.47911303e+00
15700000         -4.60996264e+05 -2.63721160e+05 -1.97275104e+05  1.20141558e-11  0.00000000e+00  0.00000000e+00  0.00000000e+00  0.00000000e+00 -1.18356564e+06  2.25656114e+02  6.28188834e+03  4.71191611e+02  2.45787374e+00
15800000         -3.64159019e+05 -1.69662925e+05 -1.94496094e+05  1.20141557e-11  0.00000000e+00  0.00000000e+00  0.00000000e+00  0.00000000e+00 -1.16694296e+06  2.24631413e+02  6.23747519e+03  4.67860272e+02  2.31157336e+00
15900000         -3.50805092e+05 -1.56170001e+05 -1.94635091e+05  1.20141557e-11  0.00000000e+00  0.00000000e+00  0.00000000e+00  0.00000000e+00 -1.16751443e+06  2.24699703e+02  6.23967754e+03  4.68025466e+02  2.30464082e+00
16000000         -4.17733586e+05 -2.21495469e+05 -1.96238118e+05  1.20141557e-11  0.00000000e+00  0.00000000e+00  0.00000000e+00  0.00000000e+00 -1.17735253e+06  2.25276953e+02  6.26536645e+03  4.69952338e+02  2.40006006e+00
16100000         -3.85389082e+05 -1.90023774e+05 -1.95365308e+05  1.20141557e-11  0.00000000e+00  0.00000000e+00  0.00000000e+00  0.00000000e+00 -1.17203130e+06  2.24961857e+02  6.25141313e+03  4.68905728e+02  2.35770446e+00
16200000         -3.80871339e+05 -1.85579071e+05 -1.95292268e+05  1.20141557e-11  0.00000000e+00  0.00000000e+00  0.00000000e+00  0.00000000e+00 -1.17146117e+06  2.24944123e+02  6.25024556e+03  4.68818151e+02  2.34088018e+00
16300000         -4.16905264e+05 -2.20703053e+05 -1.96202211e+05  1.20141557e-11  0.00000000e+00  0.00000000e+00  0.00000000e+00  0.00000000e+00 -1.17706115e+06  2.25268353e+02  6.26477919e+03  4.69908289e+02  2.38546457e+00
16400000         -4.27133820e+05 -2.31137606e+05 -1.95996213e+05  1.20141557e-11  0.00000000e+00  0.00000000e+00  0.00000000e+00  0.00000000e+00 -1.17590377e+06  2.25186904e+02  6.26148046e+03  4.69660858e+02  2.41246654e+00
16500000         -3.90788611e+05 -1.95244769e+05 -1.95543842e+05  1.20141556e-11  0.00000000e+00  0.00000000e+00  0.00000000e+00  0.00000000e+00 -1.17329095e+06  2.25014090e+02  6.25425944e+03  4.69119224e+02  2.36394374e+00
16600000         -3.83231678e+05 -1.88417606e+05 -1.94814072e+05  1.20141556e-11  0.00000000e+00  0.00000000e+00  0.00000000e+00  0.00000000e+00 -1.16875618e+06  2.24756341e+02  6.24258853e+03  4.68243813e+02  2.34719216e+00
16700000         -3.54652548e+05 -1.60240135e+05 -1.94412413e+05  1.20141556e-11  0.00000000e+00  0.00000000e+00  0.00000000e+00  0.00000000e+00 -1.16639664e+06  2.24603972e+02  6.23614292e+03  4.67760341e+02  2.30388241e+00
16800000         -3.16475010e+05 -1.23144615e+05 -1.93330395e+05  1.20141556e-11  0.00000000e+00  0.00000000e+00  0.00000000e+00  0.00000000e+00 -1.15977030e+06  2.24211045e+02  6.21875614e+03  4.66456194e+02  2.24380393e+00
16900000         -3.38480862e+05 -1.44696751e+05 -1.93784111e+05  1.20141556e-11  0.00000000e+00  0.00000000e+00  0.00000000e+00  0.00000000e+00 -1.16245547e+06  2.24382619e+02  6.22605404e+03  4.67003595e+02  2.28995192e+00
17000000         -3.52882432e+05 -1.58410129e+05 -1.94472303e+05  1.20141556e-11  0.00000000e+00  0.00000000e+00  0.00000000e+00  0.00000000e+00 -1.16689218e+06  2.24617019e+02  6.23710940e+03  4.67832835e+02  2.29584186e+00
17100000         -3.52373322e+05 -1.57830591e+05 -1.94542731e+05  1.20141556e-11  0.00000000e+00  0.00000000e+00  0.00000000e+00  0.00000000e+00 -1.16709349e+06  2.24658019e+02  6.23823137e+03  4.67916991e+02  2.29726831e+00
17200000         -3.25449375e+05 -1.31709430e+05 -1.93739945e+05  1.20141555e-11  0.00000000e+00  0.00000000e+00  0.00000000e+00  0.00000000e+00 -1.16234623e+06  2.24356046e+02  6.22535685e+03  4.66951300e+02  2.25827861e+00
17300000         -4.09931617e+05 -2.14058685e+05 -1.95872933e+05  1.20141555e-11  0.00000000e+00  0.00000000e+00  0.00000000e+00  0.00000000e+00 -1.17513257e+06  2.25144965e+02  6.25953438e+03  4.69514887e+02  2.37625501e+00
17400000         -4.17700441e+05 -2.21579600e+05 -1.96120841e+05  1.20141555e-11  0.00000000e+00  0.00000000e+00  0.00000000e+00  0.00000000e+00 -1.17660801e+06  2.25236378e+02  6.26348592e+03  4.69811283e+02  2.39313544e+00
17500000         -4.51726823e+05 -2.54808420e+05 -1.96918403e+05  1.20141555e-11  0.00000000e+00  0.00000000e+00  0.00000000e+00  0.00000000e+00 -1.18132589e+06  2.25533195e+02  6.27621360e+03  4.70765961e+02  2.44652765e+00
17600000         -4.27636755e+05 -2.31279509e+05 -1.96357245e+05  1.20141555e-11  0.00000000e+00  0.00000000e+00  0.00000000e+00  0.00000000e+00 -1.17794383e+06  2.25329008e+02  6.26726511e+03  4.70094753e+02  2.42182435e+00
17700000         -4.19587866e+05 -2.23525105e+05 -1.96062760e+05  1.20141555e-11  0.00000000e+00  0.00000000e+00  0.00000000e+00  0.00000000e+00 -1.17629737e+06  2.25212264e+02  6.26255452e+03  4.69741421e+02  2.40149987e+00
17800000         -3.73094813e+05 -1.78099571e+05 -1.94995241e+05  1.20141555e-11  0.00000000e+00  0.00000000e+00  0.00000000e+00  0.00000000e+00 -1.16987238e+06  2.24821180e+02  6.24548977e+03  4.68461429e+02  2.31639618e+00
17900000         -3.40771891e+05 -1.47154563e+05 -1.93617327e+05  1.20141554e-11  0.00000000e+00  0.00000000e+00  0.00000000e+00  0.00000000e+00 -1.16157109e+06  2.24313006e+02  6.22338271e+03  4.66803224e+02  2.27610832e+00
18000000         -3.39067948e+05 -1.45450377e+05 -1.93617571e+05  1.20141554e-11  0.00000000e+00  0.00000000e+00  0.00000000e+00  0.00000000e+00 -1.16163424e+06  2.24308885e+02  6.22338771e+03  4.66803599e+02  2.27556214e+00
18100000         -3.65022058e+05 -1.70672836e+05 -1.94349221e+05  1.20141554e-11  0.00000000e+00  0.00000000e+00  0.00000000e+00  0.00000000e+00 -1.16593137e+06  2.24586803e+02  6.23513501e+03  4.67684740e+02  2.32488407e+00
18200000         -3.96781211e+05 -2.01998693e+05 -1.94782518e+05  1.20141554e-11  0.00000000e+00  0.00000000e+00  0.00000000e+00  0.00000000e+00 -1.16858377e+06  2.24743507e+02  6.24208283e+03  4.68205881e+02  2.34530007e+00
18300000         -4.10371599e+05 -2.14890598e+05 -1.95481001e+05  1.20141554e-11  0.00000000e+00  0.00000000e+00  0.00000000e+00  0.00000000e+00 -1.17281825e+06  2.24998127e+02  6.25326566e+03  4.69044683e+02  2.37389200e+00
18400000         -4.58027404e+05 -2.61431797e+05 -1.96595607e+05  1.20141554e-11  0.00000000e+00  0.00000000e+00  0.00000000e+00  0.00000000e+00 -1.17931268e+06  2.25420018e+02  6.27105786e+03  4.70379239e+02  2.45132439e+00
18500000         -4.14400076e+05 -2.18719676e+05 -1.95680400e+05  1.20141554e-11  0.00000000e+00  0.00000000e+00  0.00000000e+00  0.00000000e+00 -1.17411612e+06  2.25062052e+02  6.25640480e+03  4.69280143e+02  2.38502406e+00
18600000         -4.03534550e+05 -2.08125781e+05 -1.95408769e+05  1.20141553e-11  0.00000000e+00  0.00000000e+00  0.00000000e+00  0.00000000e+00 -1.17228025e+06  2.24977521e+02  6.25208477e+03  4.68956107e+02  2.37975974e+00
18700000         -4.20461472e+05 -2.24535131e+05 -1.95926341e+05  1.20141553e-11  0.00000000e+00  0.00000000e+00  0.00000000e+00  0.00000000e+00 -1.17544678e+06  2.25164664e+02  6.26038064e+03  4.69578363e+02  2.40963020e+00
18800000         -4.07278362e+05 -2.11299304e+05 -1.95979058e+05  1.20141553e-11  0.00000000e+00  0.00000000e+00  0.00000000e+00  0.00000000e+00 -1.17577860e+06  2.25183265e+02  6.26122933e+03  4.69642021e+02  2.38265239e+00
18900000         -4.25293373e+05 -2.29518661e+05 -1.95774712e+05  1.20141553e-11  0.00000000e+00  0.00000000e+00  0.00000000e+00  0.00000000e+00 -1.17459171e+06  2.25105059e+02  6.25795517e+03  4.69396433e+02  2.40416942e+00
19000000         -4.17854224e+05 -2.22365076e+05 -1.95489149e+05  1.20141553e-11  0.00000000e+00  0.00000000e+00  0.00000000e+00  0.00000000e+00 -1.17266463e+06  2.25015122e+02  6.25339589e+03  4.69054451e+02  2.40213325e+00
19100000         -4.34535284e+05 -2.38028939e+05 -1.96506345e+05  1.20141553e-11  0.00000000e+00  0.00000000e+00  0.00000000e+00  0.00000000e+00 -1.17887976e+06  2.25380309e+02  6.26963513e+03  4.70272523e+02  2.41467418e+00
19200000         -3.77566867e+05 -1.82226364e+05 -1.95340503e+05  1.20141553e-11  0.00000000e+00  0.00000000e+00  0.00000000e+00  0.00000000e+00 -1.17204138e+06  2.24940910e+02  6.25099942e+03  4.68874697e+02  2.34325186e+00
19300000         -3.33026858e+05 -1.38703351e+05 -1.94323507e+05  1.20141552e-11  0.00000000e+00  0.00000000e+00  0.00000000e+00  0.00000000e+00 -1.16592985e+06  2.24566364e+02  6.23471528e+03  4.67653257e+02  2.28607558e+00
19400000         -2.63387709e+05 -7.08700896e+04 -1.92517620e+05  1.20141552e-11  0.00000000e+00  0.00000000e+00  0.00000000e+00  0.00000000e+00 -1.15495120e+06  2.23904322e+02  6.20568311e+03  4.65475613e+02  2.18520768e+00
19500000         -3.87751951e+05 -1.92262660e+05 -1.95489291e+05  1.20141552e-11  0.00000000e+00  0.00000000e+00  0.00000000e+00  0.00000000e+00 -1.17272371e+06  2.25008895e+02  6.25335210e+03  4.69051166e+02  2.34180888e+00
19600000         -4.07200506e+05 -2.11248551e+05 -1.95951955e+05  1.20141552e-11  0.00000000e+00  0.00000000e+00  0.00000000e+00  0.00000000e+00 -1.17557196e+06  2.25175879e+02  6.26078657e+03  4.69608811e+02  2.36995686e+00
19700000         -4.13563698e+05 -2.18244553e+05 -1.95319145e+05  1.20141552e-11  0.00000000e+00  0.00000000e+00  0.00000000e+00  0.00000000e+00 -1.17174848e+06  2.24944480e+02  6.25065866e+03  4.68849137e+02  2.39573275e+00
19800000         -4.23507928e+05 -2.27646874e+05 -1.95861054e+05  1.20141552e-11  0.00000000e+00  0.00000000e+00  0.00000000e+00  0.00000000e+00 -1.17505872e+06  2.25139601e+02  6.25932049e+03  4.69498843e+02  2.40611976e+00
19900000         -3.95972306e+05 -2.00350293e+05 -1.95622013e+05  1.20141551e-11  0.00000000e+00  0.00000000e+00  0.00000000e+00  0.00000000e+00 -1.17354974e+06  2.25057449e+02  6.25551078e+03  4.69213085e+02  2.35412906e+00
20000000         -4.73120302e+05 -2.75460334e+05 -1.97659968e+05  1.20141551e-11  0.00000000e+00  0.00000000e+00  0.00000000e+00  0.00000000e+00 -1.18576875e+06  2.25803910e+02  6.28801957e+03  4.71651502e+02  2.46739049e+00
20100000         -4.89912181e+05 -2.91857049e+05 -1.98055132e+05  1.20141551e-11  0.00000000e+00  0.00000000e+00  0.00000000e+00  0.00000000e+00 -1.18821047e+06  2.25942561e+02  6.29430099e+03  4.72122659e+02  2.50048881e+00
20200000         -4.54869037e+05 -2.58199571e+05 -1.96669465e+05  1.20141551e-11  0.00000000e+00  0.00000000e+00  0.00000000e+00  0.00000000e+00 -1.17995408e+06  2.25433538e+02  6.27224001e+03  4.70467910e+02  2.45130884e+00
20300000         -4.45784918e+05 -2.49609750e+05 -1.96175168e+05  1.20141551e-11  0.00000000e+00  0.00000000e+00  0.00000000e+00  0.00000000e+00 -1.17684345e+06  2.25262742e+02  6.26435709e+03  4.69876628e+02  2.43700015e+00
20400000         -4.75051866e+05 -2.78121046e+05 -1.96930820e+05  1.20141551e-11  0.00000000e+00  0.00000000e+00  0.00000000e+00  0.00000000e+00 -1.18152584e+06  2.25529000e+02  6.27641032e+03  4.70780716e+02  2.47461775e+00
20500000         -4.30272391e+05 -2.33742829e+05 -1.96529562e+05  1.20141551e-11  0.00000000e+00  0.00000000e+00  0.00000000e+00  0.00000000e+00 -1.17895888e+06  2.25392956e+02  6.27000527e+03  4.70300287e+02  2.43661407e+00
20600000         -4.55347557e+05 -2.58832812e+05 -1.96514744e+05  1.20141550e-11  0.00000000e+00  0.00000000e+00  0.00000000e+00  0.00000000e+00 -1.17901409e+06  2.25378193e+02  6.26978162e+03  4.70283511e+02  2.44733440e+00
20700000         -4.68122447e+05 -2.71101847e+05 -1.97020600e+05  1.20141550e-11  0.00000000e+00  0.00000000e+00  0.00000000e+00  0.00000000e+00 -1.18195792e+06  2.25568795e+02  6.27783362e+03  4.70887475e+02  2.47539632e+00
20800000         -4.57236373e+05 -2.60351980e+05 -1.96884393e+05  1.20141550e-11  0.00000000e+00  0.00000000e+00  0.00000000e+00  0.00000000e+00 -1.18125395e+06  2.25511191e+02  6.27566245e+03  4.70724620e+02  2.43474191e+00
20900000         -4.35313066e+05 -2.39495886e+05 -1.95817180e+05  1.20141550e-11  0.00000000e+00  0.00000000e+00  0.00000000e+00  0.00000000e+00 -1.17479656e+06  2.25123838e+02  6.25862815e+03  4.69446912e+02  2.39837438e+00
21000000         -4.59684499e+05 -2.63377842e+05 -1.96306658e+05  1.20141550e-11  0.00000000e+00  0.00000000e+00  0.00000000e+00  0.00000000e+00 -1.17768659e+06  2.25306986e+02  6.26645186e+03  4.70033753e+02  2.44085426e+00
21100000         -4.19812547e+05 -2.23846019e+05 -1.95966528e+05  1.20141550e-11  0.00000000e+00  0.00000000e+00  0.00000000e+00  0.00000000e+00 -1.17561842e+06  2.25184374e+02  6.26102573e+03  4.69626750e+02  2.38870844e+00
21200000         -4.55439021e+05 -2.58259670e+05 -1.97179351e+05  1.20141550e-11  0.00000000e+00  0.00000000e+00  0.00000000e+00  0.00000000e+00 -1.18285465e+06  2.25631009e+02  6.28037122e+03  4.71077815e+02  2.44965801e+00
21300000         -4.31236732e+05 -2.35115647e+05 -1.96121085e+05  1.20141549e-11  0.00000000e+00  0.00000000e+00  0.00000000e+00  0.00000000e+00 -1.17673211e+06  2.25227421e+02  6.26347820e+03  4.69810704e+02  2.40293279e+00
21400000         -3.27095430e+05 -1.33518451e+05 -1.93576979e+05  1.20141549e-11  0.00000000e+00  0.00000000e+00  0.00000000e+00  0.00000000e+00 -1.16131303e+06  2.24299162e+02  6.22273538e+03  4.66754669e+02  2.26339212e+00
21500000         -3.00781215e+05 -1.08126585e+05 -1.92654630e+05  1.20141549e-11  0.00000000e+00  0.00000000e+00  0.00000000e+00  0.00000000e+00 -1.15575590e+06  2.23956682e+02  6.20788942e+03  4.65641104e+02  2.23079035e+00
21600000         -3.43848794e+05 -1.49987677e+05 -1.93861118e+05  1.20141549e-11  0.00000000e+00  0.00000000e+00  0.00000000e+00  0.00000000e+00 -1.16290210e+06  2.24411492e+02  6.22727474e+03  4.67095157e+02  2.28944746e+00
21700000         -4.48839826e+05 -2.52151391e+05 -1.96688434e+05  1.20141549e-11  0.00000000e+00  0.00000000e+00  0.00000000e+00  0.00000000e+00 -1.18000524e+06  2.25445011e+02  6.27254666e+03  4.70490911e+02  2.45124829e+00
21800000         -4.42092901e+05 -2.45714389e+05 -1.96378512e+05  1.20141549e-11  0.00000000e+00  0.00000000e+00  0.00000000e+00  0.00000000e+00 -1.17821685e+06  2.25324958e+02  6.26756799e+03  4.70117471e+02  2.44502337e+00
21900000         -3.64259536e+05 -1.69831745e+05 -1.94427792e+05  1.20141549e-11  0.00000000e+00  0.00000000e+00  0.00000000e+00  0.00000000e+00 -1.16633355e+06  2.24619416e+02  6.23636934e+03  4.67777324e+02  2.31175850e+00
22000000         -4.24823678e+05 -2.28812697e+05 -1.96010981e+05  1.20141548e-11  0.00000000e+00  0.00000000e+00  0.00000000e+00  0.00000000e+00 -1.17590648e+06  2.25199366e+02  6.26173890e+03  4.69680243e+02  2.39438824e+00
22100000         -4.05915231e+05 -2.10360123e+05 -1.95555107e+05  1.20141548e-11  0.00000000e+00  0.00000000e+00  0.00000000e+00  0.00000000e+00 -1.17320065e+06  2.25029749e+02  6.25445180e+03  4.69133653e+02  2.36819248e+00
22200000         -4.31769437e+05 -2.35515207e+05 -1.96254230e+05  1.20141548e-11  0.00000000e+00  0.00000000e+00  0.00000000e+00  0.00000000e+00 -1.17737451e+06  2.25287631e+02  6.26561566e+03  4.69971031e+02  2.41494052e+00
22300000         -5.39976414e+05 -3.41012063e+05 -1.98964352e+05  1.20141548e-11  0.00000000e+00  0.00000000e+00  0.00000000e+00  0.00000000e+00 -1.19356159e+06  2.26278652e+02  6.30872545e+03  4.73204608e+02  2.58965203e+00
22400000         -4.89798939e+05 -2.92129356e+05 -1.97669583e+05  1.20141548e-11  0.00000000e+00  0.00000000e+00  0.00000000e+00  0.00000000e+00 -1.18594590e+06  2.25799162e+02  6.28817279e+03  4.71662995e+02  2.50748549e+00
22500000         -5.44593825e+05 -3.45989353e+05 -1.98604472e+05  1.20141548e-11  0.00000000e+00  0.00000000e+00  0.00000000e+00  0.00000000e+00 -1.19151330e+06  2.26141104e+02  6.30302225e+03  4.72776823e+02  2.55396177e+00
22600000         -4.23059778e+05 -2.27557966e+05 -1.95501812e+05  1.20141548e-11  0.00000000e+00  0.00000000e+00  0.00000000e+00  0.00000000e+00 -1.17285848e+06  2.25010783e+02  6.25358103e+03  4.69068338e+02  2.37526297e+00
22700000         -4.97591401e+05 -2.99598824e+05 -1.97992577e+05  1.20141547e-11  0.00000000e+00  0.00000000e+00  0.00000000e+00  0.00000000e+00 -1.18781878e+06  2.25920897e+02  6.29330515e+03  4.72047963e+02  2.50481036e+00
22800000         -4.61855473e+05 -2.65314790e+05 -1.96540683e+05  1.20141547e-11  0.00000000e+00  0.00000000e+00  0.00000000e+00  0.00000000e+00 -1.17912874e+06  2.25390265e+02  6.27019020e+03  4.70314158e+02  2.46635476e+00
22900000         -3.64492605e+05 -1.69996735e+05 -1.94495870e+05  1.20141547e-11  0.00000000e+00  0.00000000e+00  0.00000000e+00  0.00000000e+00 -1.16684635e+06  2.24638323e+02  6.23747992e+03  4.67860627e+02  2.32444406e+00
23000000         -3.25064797e+05 -1.31394635e+05 -1.93670163e+05  1.20141547e-11  0.00000000e+00  0.00000000e+00  0.00000000e+00  0.00000000e+00 -1.16182861e+06  2.24336764e+02  6.22423182e+03  4.66866914e+02  2.25728651e+00
23100000         -3.79518400e+05 -1.84903698e+05 -1.94614702e+05  1.20141547e-11  0.00000000e+00  0.00000000e+00  0.00000000e+00  0.00000000e+00 -1.16757035e+06  2.24681809e+02  6.23939093e+03  4.68003968e+02  2.31730874e+00
23200000         -3.53547408e+05 -1.59365977e+05 -1.94181431e+05  1.20141547e-11  0.00000000e+00  0.00000000e+00  0.00000000e+00  0.00000000e+00 -1.16500746e+06  2.24518941e+02  6.23244363e+03  4.67482865e+02  2.29754894e+00
23300000         -3.60435554e+05 -1.65968759e+05 -1.94466794e+05  1.20141547e-11  0.00000000e+00  0.00000000e+00  0.00000000e+00  0.00000000e+00 -1.16670737e+06  2.24624717e+02  6.23700563e+03  4.67825051e+02  2.28612445e+00
23400000         -3.60563610e+05 -1.66211035e+05 -1.94352575e+05  1.20141546e-11  0.00000000e+00  0.00000000e+00  0.00000000e+00  0.00000000e+00 -1.16594930e+06  2.24588294e+02  6.23519080e+03  4.67688924e+02  2.31957779e+00
23500000         -4.55097592e+05 -2.58385765e+05 -1.96711827e+05  1.20141546e-11  0.00000000e+00  0.00000000e+00  0.00000000e+00  0.00000000e+00 -1.18006082e+06  2.25459098e+02  6.27291296e+03  4.70518387e+02  2.44395289e+00
23600000         -4.31479211e+05 -2.35124236e+05 -1.96354975e+05  1.20141546e-11  0.00000000e+00  0.00000000e+00  0.00000000e+00  0.00000000e+00 -1.17797987e+06  2.25324456e+02  6.26722302e+03  4.70091596e+02  2.42004471e+00
23700000         -4.24134985e+05 -2.27902156e+05 -1.96232829e+05  1.20141546e-11  0.00000000e+00  0.00000000e+00  0.00000000e+00  0.00000000e+00 -1.17735832e+06  2.25272184e+02  6.26527719e+03  4.69945643e+02  2.39531965e+00
23800000         -4.16257393e+05 -2.20428299e+05 -1.95829094e+05  1.20141546e-11  0.00000000e+00  0.00000000e+00  0.00000000e+00  0.00000000e+00 -1.17478967e+06  2.25134050e+02  6.25882706e+03  4.69461832e+02  2.38659702e+00
23900000         -3.59144154e+05 -1.64891490e+05 -1.94252664e+05  1.20141546e-11  0.00000000e+00  0.00000000e+00  0.00000000e+00  0.00000000e+00 -1.16529336e+06  2.24554873e+02  6.23358153e+03  4.67568216e+02  2.31279632e+00
24000000         -3.53060406e+05 -1.59185066e+05 -1.93875340e+05  1.20141546e-11  0.00000000e+00  0.00000000e+00  0.00000000e+00  0.00000000e+00 -1.16312301e+06  2.24408804e+02  6.22753185e+03  4.67114442e+02  2.30179629e+00
24100000         -4.40890161e+05 -2.44290471e+05 -1.96599689e+05  1.20141545e-11  0.00000000e+00  0.00000000e+00  0.00000000e+00  0.00000000e+00 -1.17928857e+06  2.25424148e+02  6.27110818e+03  4.70383014e+02  2.42629032e+00
24200000         -4.60048291e+05 -2.62405688e+05 -1.97642603e+05  1.20141545e-11  0.00000000e+00  0.00000000e+00  0.00000000e+00  0.00000000e+00 -1.18570001e+06  2.25795261e+02  6.28774577e+03  4.71630965e+02  2.46991687e+00
24300000         -4.74386257e+05 -2.76994626e+05 -1.97391631e+05  1.20141545e-11  0.00000000e+00  0.00000000e+00  0.00000000e+00  0.00000000e+00 -1.18423224e+06  2.25701375e+02  6.28375455e+03  4.71331592e+02  2.48250317e+00
24400000         -4.33253332e+05 -2.36861011e+05 -1.96392322e+05  1.20141545e-11  0.00000000e+00  0.00000000e+00  0.00000000e+00  0.00000000e+00 -1.17811417e+06  2.25344478e+02  6.26782176e+03  4.70136506e+02  2.42251141e+00
24500000         -4.36754617e+05 -2.40278611e+05 -1.96476006e+05  1.20141545e-11  0.00000000e+00  0.00000000e+00  0.00000000e+00  0.00000000e+00 -1.17873433e+06  2.25366973e+02  6.26915728e+03  4.70236681e+02  2.41598779e+00
24600000         -3.56839879e+05 -1.62373282e+05 -1.94466597e+05  1.20141545e-11  0.00000000e+00  0.00000000e+00  0.00000000e+00  0.00000000e+00 -1.16677543e+06  2.24620244e+02  6.23701040e+03  4.67825409e+02  2.30135194e+00
24700000         -3.37978903e+05 -1.44166609e+05 -1.93812294e+05  1.20141545e-11  0.00000000e+00  0.00000000e+00  0.00000000e+00  0.00000000e+00 -1.16272231e+06  2.24386110e+02  6.22650225e+03  4.67037214e+02  2.29341435e+00
24800000         -3.60093435e+05 -1.66101117e+05 -1.93992318e+05  1.20141544e-11  0.00000000e+00  0.00000000e+00  0.00000000e+00  0.00000000e+00 -1.16375593e+06  2.24456789e+02  6.22940614e+03  4.67255029e+02  2.29909108e+00
24900000         -3.67482531e+05 -1.73112073e+05 -1.94370458e+05  1.20141544e-11  0.00000000e+00  0.00000000e+00  0.00000000e+00  0.00000000e+00 -1.16607035e+06  2.24593781e+02  6.23547387e+03  4.67710157e+02  2.30862712e+00
25000000         -3.98696422e+05 -2.03203495e+05 -1.95492927e+05  1.20141544e-11  0.00000000e+00  0.00000000e+00  0.00000000e+00  0.00000000e+00 -1.17287445e+06  2.25003084e+02  6.25344630e+03  4.69058232e+02  2.37303777e+00
25100000         -3.25237208e+05 -1.31684504e+05 -1.93552704e+05  1.20141544e-11  0.00000000e+00  0.00000000e+00  0.00000000e+00  0.00000000e+00 -1.16113832e+06  2.24292060e+02  6.22234352e+03  4.66725276e+02  2.26509706e+00
25200000         -4.47392060e+05 -2.50245319e+05 -1.97146740e+05  1.20141544e-11  0.00000000e+00  0.00000000e+00  0.00000000e+00  0.00000000e+00 -1.18264582e+06  2.25618788e+02  6.27982659e+03  4.71036964e+02  2.43986589e+00
25300000         -5.09830846e+05 -3.11497085e+05 -1.98333761e+05  1.20141544e-11  0.00000000e+00  0.00000000e+00  0.00000000e+00  0.00000000e+00 -1.18994740e+06  2.26039156e+02  6.29872772e+03  4.72454699e+02  2.53858462e+00
25400000         -4.86438598e+05 -2.88592960e+05 -1.97845638e+05  1.20141544e-11  0.00000000e+00  0.00000000e+00  0.00000000e+00  0.00000000e+00 -1.18690615e+06  2.25869564e+02  6.29096739e+03  4.71872612e+02  2.47519042e+00
25500000         -4.82080439e+05 -2.84415642e+05 -1.97664796e+05  1.20141543e-11  0.00000000e+00  0.00000000e+00  0.00000000e+00  0.00000000e+00 -1.18588192e+06  2.25799839e+02  6.28809623e+03  4.71657253e+02  2.48615926e+00
25600000         -4.82217268e+05 -2.84433257e+05 -1.97784011e+05  1.20141543e-11  0.00000000e+00  0.00000000e+00  0.00000000e+00  0.00000000e+00 -1.18656325e+06  2.25845716e+02  6.28999585e+03  4.71799739e+02  2.49118214e+00
25700000         -4.62504240e+05 -2.65030581e+05 -1.97473659e+05  1.20141543e-11  0.00000000e+00  0.00000000e+00  0.00000000e+00  0.00000000e+00 -1.18473233e+06  2.25729904e+02  6.28504375e+03  4.71428292e+02  2.45799410e+00
25800000         -4.59000456e+05 -2.61735119e+05 -1.97265337e+05  1.20141543e-11  0.00000000e+00  0.00000000e+00  0.00000000e+00  0.00000000e+00 -1.18344740e+06  2.25656423e+02  6.28172765e+03  4.71179558e+02  2.45206846e+00
25900000         -4.93177722e+05 -2.95476087e+05 -1.97701635e+05  1.20141543e-11  0.00000000e+00  0.00000000e+00  0.00000000e+00  0.00000000e+00 -1.18612872e+06  2.25811243e+02  6.28867782e+03  4.71700876e+02  2.50037577e+00
26000000         -5.13014720e+05 -3.15022908e+05 -1.97991813e+05  1.20141543e-11  0.00000000e+00  0.00000000e+00  0.00000000e+00  0.00000000e+00 -1.18781379e+06  2.25920766e+02  6.29329542e+03  4.72047233e+02  2.52055148e+00
26100000         -5.10834052e+05 -3.12502331e+05 -1.98331721e+05  1.20141543e-11  0.00000000e+00  0.00000000e+00  0.00000000e+00  0.00000000e+00 -1.18971209e+06  2.26053546e+02  6.29868936e+03  4.72451822e+02  2.51654679e+00
26200000         -5.19191265e+05 -3.21004802e+05 -1.98186462e+05  1.20141542e-11  0.00000000e+00  0.00000000e+00  0.00000000e+00  0.00000000e+00 -1.18900848e+06  2.25989360e+02  6.29638422e+03  4.72278918e+02  2.55233801e+00
26300000         -4.96324975e+05 -2.99150894e+05 -1.97174081e+05  1.20141542e-11  0.00000000e+00  0.00000000e+00  0.00000000e+00  0.00000000e+00 -1.18294959e+06  2.25620250e+02  6.28028550e+03  4.71071386e+02  2.52220030e+00
26400000         -4.51898807e+05 -2.55554849e+05 -1.96343958e+05  1.20141542e-11  0.00000000e+00  0.00000000e+00  0.00000000e+00  0.00000000e+00 -1.17798230e+06  2.25315856e+02  6.26705074e+03  4.70078673e+02  2.45496872e+00
26500000         -3.96462376e+05 -2.01001258e+05 -1.95461118e+05  1.20141542e-11  0.00000000e+00  0.00000000e+00  0.00000000e+00  0.00000000e+00 -1.17262678e+06  2.24995822e+02  6.25294813e+03  4.69020865e+02  2.37234547e+00
26600000         -4.02489585e+05 -2.06957587e+05 -1.95531998e+05  1.20141542e-11  0.00000000e+00  0.00000000e+00  0.00000000e+00  0.00000000e+00 -1.17297394e+06  2.25026553e+02  6.25406629e+03  4.69104736e+02  2.38235639e+00
26700000         -4.73566707e+05 -2.76460589e+05 -1.97106119e+05  1.20141542e-11  0.00000000e+00  0.00000000e+00  0.00000000e+00  0.00000000e+00 -1.18256765e+06  2.25593836e+02  6.27920640e+03  4.70990445e+02  2.45441819e+00
26800000         -4.78259502e+05 -2.81262614e+05 -1.96996888e+05  1.20141542e-11  0.00000000e+00  0.00000000e+00  0.00000000e+00  0.00000000e+00 -1.18180466e+06  2.25561242e+02  6.27746283e+03  4.70859663e+02  2.46986275e+00
26900000         -4.60034901e+05 -2.63271644e+05 -1.96763257e+05  1.20141541e-11  0.00000000e+00  0.00000000e+00  0.00000000e+00  0.00000000e+00 -1.18050981e+06  2.25467004e+02  6.27370865e+03  4.70578070e+02  2.45684929e+00
27000000         -3.63468523e+05 -1.69511887e+05 -1.93956636e+05  1.20141541e-11  0.00000000e+00  0.00000000e+00  0.00000000e+00  0.00000000e+00 -1.16362807e+06  2.24437183e+02  6.22882500e+03  4.67211439e+02  2.29967607e+00
27100000         -3.46571270e+05 -1.52816272e+05 -1.93754998e+05  1.20141541e-11  0.00000000e+00  0.00000000e+00  0.00000000e+00  0.00000000e+00 -1.16245501e+06  2.24360303e+02  6.22559746e+03  4.66969348e+02  2.28188887e+00
27200000         -3.45517821e+05 -1.51818509e+05 -1.93699312e+05  1.20141541e-11  0.00000000e+00  0.00000000e+00  0.00000000e+00  0.00000000e+00 -1.16209377e+06  2.24341348e+02  6.22469998e+03  4.66902029e+02  2.27427857e+00
27300000         -3.98457858e+05 -2.03490542e+05 -1.94967316e+05  1.20141541e-11  0.00000000e+00  0.00000000e+00  0.00000000e+00  0.00000000e+00 -1.16964857e+06  2.24814660e+02  6.24504043e+03  4.68427725e+02  2.36593552e+00
27400000         -4.26323062e+05 -2.30109285e+05 -1.96213777e+05  1.20141541e-11  0.00000000e+00  0.00000000e+00  0.00000000e+00  0.00000000e+00 -1.17696640e+06  2.25283046e+02  6.26494554e+03  4.69920767e+02  2.39270752e+00
27500000         -4.78442855e+05 -2.80785618e+05 -1.97657237e+05  1.20141540e-11  0.00000000e+00  0.00000000e+00  0.00000000e+00  0.00000000e+00 -1.18582177e+06  2.25798085e+02  6.28797545e+03  4.71648193e+02  2.47084115e+00
27600000         -4.62466667e+05 -2.65292351e+05 -1.97174317e+05  1.20141540e-11  0.00000000e+00  0.00000000e+00  0.00000000e+00  0.00000000e+00 -1.18284803e+06  2.25627425e+02  6.28028864e+03  4.71071621e+02  2.44351084e+00
27700000         -4.20759073e+05 -2.24829820e+05 -1.95929253e+05  1.20141540e-11  0.00000000e+00  0.00000000e+00  0.00000000e+00  0.00000000e+00 -1.17563746e+06  2.25153847e+02  6.26042896e+03  4.69581987e+02  2.40077158e+00
27800000         -4.34457415e+05 -2.38599203e+05 -1.95858212e+05  1.20141540e-11  0.00000000e+00  0.00000000e+00  0.00000000e+00  0.00000000e+00 -1.17495048e+06  2.25145318e+02  6.25928441e+03  4.69496137e+02  2.41788751e+00
27900000         -4.32718845e+05 -2.37051778e+05 -1.95667067e+05  1.20141540e-11  0.00000000e+00  0.00000000e+00  0.00000000e+00  0.00000000e+00 -1.17389320e+06  2.25069188e+02  6.25623572e+03  4.69267461e+02  2.41180962e+00
28000000         -4.15508459e+05 -2.19757741e+05 -1.95750718e+05  1.20141540e-11  0.00000000e+00  0.00000000e+00  0.00000000e+00  0.00000000e+00 -1.17437094e+06  2.25101478e+02  6.25757019e+03  4.69367557e+02  2.39518108e+00
28100000         -3.52303875e+05 -1.57757512e+05 -1.94546363e+05  1.20141540e-11  0.00000000e+00  0.00000000e+00  0.00000000e+00  0.00000000e+00 -1.16719110e+06  2.24654557e+02  6.23829851e+03  4.67922027e+02  2.29787450e+00
28200000         -3.02008143e+05 -1.08796850e+05 -1.93211293e+05  1.20141540e-11  0.00000000e+00  0.00000000e+00  0.00000000e+00  0.00000000e+00 -1.15923188e+06  2.24155131e+02  6.21685333e+03  4.66313468e+02  2.23275851e+00
28300000         -2.70151053e+05 -7.73744084e+04 -1.92776645e+05  1.20141539e-11  0.00000000e+00  0.00000000e+00  0.00000000e+00  0.00000000e+00 -1.15650868e+06  2.24001268e+02  6.20986357e+03  4.65789181e+02  2.17642868e+00
28400000         -2.89160405e+05 -9.60338285e+04 -1.93126577e+05  1.20141539e-11  0.00000000e+00  0.00000000e+00  0.00000000e+00  0.00000000e+00 -1.15864383e+06  2.24128455e+02  6.21547775e+03  4.66210289e+02  2.20210633e+00
28500000         -4.14698166e+05 -2.19320848e+05 -1.95377318e+05  1.20141539e-11  0.00000000e+00  0.00000000e+00  0.00000000e+00  0.00000000e+00 -1.17200113e+06  2.24973377e+02  6.25160588e+03  4.68920186e+02  2.40299338e+00
28600000         -4.18052742e+05 -2.22450043e+05 -1.95602699e+05  1.20141539e-11  0.00000000e+00  0.00000000e+00  0.00000000e+00  0.00000000e+00 -1.17352004e+06  2.25044835e+02  6.25521113e+03  4.69190608e+02  2.39895866e+00
28700000         -4.37832183e+05 -2.41676368e+05 -1.96155815e+05  1.20141539e-11  0.00000000e+00  0.00000000e+00  0.00000000e+00  0.00000000e+00 -1.17677602e+06  2.25252229e+02  6.26404705e+03  4.69853373e+02  2.40847248e+00
28800000         -4.38804696e+05 -2.42644962e+05 -1.96159734e+05  1.20141539e-11  0.00000000e+00  0.00000000e+00  0.00000000e+00  0.00000000e+00 -1.17682155e+06  2.25252076e+02  6.26410823e+03  4.69857962e+02  2.40186694e+00
28900000         -4.07726867e+05 -2.11966057e+05 -1.95760810e+05  1.20141538e-11  0.00000000e+00  0.00000000e+00  0.00000000e+00  0.00000000e+00 -1.17433439e+06  2.25112267e+02  6.25773898e+03  4.69380217e+02  2.37530924e+00
29000000         -4.48324977e+05 -2.51475736e+05 -1.96849241e+05  1.20141538e-11  0.00000000e+00  0.00000000e+00  0.00000000e+00  0.00000000e+00 -1.18099146e+06  2.25502283e+02  6.27510970e+03  4.70683159e+02  2.45772867e+00
29100000         -4.41762070e+05 -2.45579202e+05 -1.96182868e+05  1.20141538e-11  0.00000000e+00  0.00000000e+00  0.00000000e+00  0.00000000e+00 -1.17684922e+06  2.25268102e+02  6.26447474e+03  4.69885453e+02  2.43837473e+00
29200000         -4.65255168e+05 -2.68495466e+05 -1.96759702e+05  1.20141538e-11  0.00000000e+00  0.00000000e+00  0.00000000e+00  0.00000000e+00 -1.18040425e+06  2.25473047e+02  6.27368301e+03  4.70576146e+02  2.46066583e+00
29300000         -4.50984969e+05 -2.53956374e+05 -1.97028595e+05  1.20141538e-11  0.00000000e+00  0.00000000e+00  0.00000000e+00  0.00000000e+00 -1.18195128e+06  2.25575866e+02  6.27796870e+03  4.70897607e+02  2.45268234e+00
29400000         -4.33044370e+05 -2.36786127e+05 -1.96258243e+05  1.20141538e-11  0.00000000e+00  0.00000000e+00  0.00000000e+00  0.00000000e+00 -1.17749038e+06  2.25282797e+02  6.26568054e+03  4.69975897e+02  2.43358750e+00
29500000         -3.80748492e+05 -1.85896567e+05 -1.94851925e+05  1.20141538e-11  0.00000000e+00  0.00000000e+00  0.00000000e+00  0.00000000e+00 -1.16901225e+06  2.24767571e+02  6.24317964e+03  4.68288151e+02  2.33968166e+00
29600000         -3.44777516e+05 -1.50707845e+05 -1.94069671e+05  1.20141537e-11  0.00000000e+00  0.00000000e+00  0.00000000e+00  0.00000000e+00 -1.16421646e+06  2.24485667e+02  6.23064660e+03  4.67348073e+02  2.30149260e+00
29700000         -4.07101956e+05 -2.11569321e+05 -1.95532636e+05  1.20141537e-11  0.00000000e+00  0.00000000e+00  0.00000000e+00  0.00000000e+00 -1.17310059e+06  2.25018903e+02  6.25408889e+03  4.69106431e+02  2.36969653e+00
29800000         -3.91478877e+05 -1.95754634e+05 -1.95724244e+05  1.20141537e-11  0.00000000e+00  0.00000000e+00  0.00000000e+00  0.00000000e+00 -1.17424658e+06  2.25089904e+02  6.25715808e+03  4.69336645e+02  2.34888174e+00
29900000         -4.03920126e+05 -2.08366035e+05 -1.95554091e+05  1.20141537e-11  0.00000000e+00  0.00000000e+00  0.00000000e+00  0.00000000e+00 -1.17312863e+06  2.25033525e+02  6.25442722e+03  4.69131809e+02  2.37896624e+00
30000000         -4.03980228e+05 -2.08390058e+05 -1.95590169e+05  1.20141537e-11  0.00000000e+00  0.00000000e+00  0.00000000e+00  0.00000000e+00 -1.17341174e+06  2.25041948e+02  6.25499918e+03  4.69174710e+02  2.37720252e+00
